OX359234.1	169650
accD/1/CDS/1	+	68582	1494	0	1.012	0.502	0.930	
ccsA/1/CDS/1	+	128468	975	0	1.009	0.480	0.887	
cemA/1/CDS/1	+	73137	585	0	0.848	0.621	1.000	
ndhB/1/CDS/1	+	156263	777	0	1.000	0.953	1.000	
ndhB/1/intron/1	+	157040	682	0	0.999	0.870	1.000	
ndhB/1/CDS/2	+	157722	756	0	1.000	0.969	1.000	
petA/1/CDS/1	+	74023	963	0	1.000	0.698	1.000	
petB/1/CDS/1	+	87774	6	0	1.000	0.947	1.000	
petB/1/intron/1	+	87780	769	0	0.985	0.330	0.886	
petB/1/CDS/2	+	88549	642	0	1.000	0.862	1.000	
petD/1/CDS/1	+	89420	8	0	1.000	1.000	1.000	
petD/1/intron/1	+	89428	763	0	1.034	0.389	0.837	
petD/1/CDS/2	+	90191	475	1	1.000	0.827	1.000	
petG/1/CDS/1	+	78474	114	0	1.000	0.834	1.000	
petL/1/CDS/1	+	78178	96	0	1.000	0.625	1.000	
petN/1/CDS/1	+	38061	90	0	1.000	0.832	0.989	
psaI/1/CDS/1	+	71065	114	0	1.027	0.736	1.000	
psaJ/1/CDS/1	+	79546	135	0	1.000	0.619	1.000	
psbB/1/CDS/1	+	85306	1527	0	1.001	0.848	1.000	
psbC/1/CDS/1	+	45413	1386	0	1.000	0.795	1.000	
psbD/1/CDS/1	+	44368	1062	0	1.000	0.839	1.000	
psbH/1/CDS/1	+	87432	222	0	1.000	0.775	1.000	
psbI/1/CDS/1	+	15736	111	0	1.000	0.808	1.000	
psbK/1/CDS/1	+	15129	186	0	1.000	0.577	1.000	
psbT/1/CDS/1	+	87022	108	0	1.000	0.638	1.000	
psbZ/1/CDS/1	+	47460	189	0	1.000	0.763	1.000	
rbcL/1/CDS/1	+	66595	1428	0	1.000	0.810	1.000	
rpl2/1/CDS/1	+	5182	400	0	1.023	0.752	1.000	
rpl2/1/intron/1	+	5582	668	0	1.005	0.677	0.999	
rpl2/1/CDS/2	+	168713	434	2	1.000	0.627	1.000	
rpl23/1/CDS/1	+	167345	282	0	1.000	0.680	1.000	
rpl32/1/CDS/1	+	127219	159	0	0.946	0.503	1.000	
rpl33/1/CDS/1	+	80253	201	0	1.000	0.614	0.950	
rps12/1/intron/1	+	153749	869	0	0.966	0.583	1.000	
rps12/1/CDS/1	+	154618	232	0	1.000	0.996	1.000	
rps12/1/intron/2	+	154850	536	0	1.000	0.758	1.000	
rps12/1/CDS/2	+	155386	26	2	1.000	0.916	1.000	
rps18/1/CDS/1	+	80672	288	0	0.941	0.694	0.972	
rps19/1/CDS/1	+	6745	279	0	1.000	0.557	1.000	
rps7/1/CDS/1	+	155470	468	0	1.000	0.917	1.000	
rrn16/1/rRNA/1	+	114330	1491	0	1.000	0.947	1.000	
rrn23/1/rRNA/1	+	118250	2609	0	1.000	0.826	1.000	
rrn23/1/rRNA/2	+	120859	199	0	1.000	0.997	1.000	
rrn4.5/1/rRNA/1	+	121156	103	0	1.000	0.946	1.000	
rrn5/1/rRNA/1	+	121482	121	0	1.000	0.989	1.000	
trnA-UGC/1/tRNA/1	+	117208	38	0	1.000	0.852	1.000	
trnA-UGC/1/intron/1	+	117246	809	0	1.001	0.800	0.999	
trnA-UGC/1/tRNA/2	+	118055	35	0	1.000	1.000	1.000	
trnC-GCA/1/tRNA/1	+	37640	71	0	1.000	0.808	1.000	
trnF-GAA/1/tRNA/1	+	59966	73	0	1.000	0.955	1.000	
trnG-GCC/1/tRNA/1	+	48548	71	0	1.000	0.794	1.000	
trnG-UCC/1/tRNA/1	+	17190	23	0	1.000	0.986	1.000	
trnG-UCC/1/intron/1	+	17213	721	0	1.033	0.447	0.946	
trnG-UCC/1/tRNA/2	+	17934	48	0	1.000	0.986	1.000	
trnI-CAU/1/tRNA/1	+	167106	74	0	1.000	0.892	1.000	
trnI-GAU/1/tRNA/1	+	116117	37	0	1.000	1.000	1.000	
trnI-GAU/1/intron/1	+	116154	955	0	1.010	0.671	0.997	
trnI-GAU/1/tRNA/2	+	117109	35	0	1.000	0.985	1.000	
trnL-CAA/1/tRNA/1	+	159055	81	0	1.000	0.991	1.000	
trnL-UAA/1/tRNA/1	+	59013	35	0	1.000	0.963	1.000	
trnL-UAA/1/intron/1	+	59048	559	0	1.096	0.401	0.843	
trnL-UAA/1/tRNA/2	+	59607	50	0	1.000	0.952	1.000	
trnL-UAG/1/tRNA/1	+	128249	80	0	1.000	0.779	1.000	
trnM-CAU/1/tRNA/1	+	63550	73	0	1.000	0.999	1.000	
trnN-GUU/1/tRNA/1	+	144155	72	0	1.000	0.939	1.000	
trnR-ACG/1/tRNA/1	+	121840	74	0	1.000	0.858	1.000	
trnR-UCU/1/tRNA/1	+	18897	72	0	1.000	0.963	1.000	
trnS-GGA/1/tRNA/1	+	57065	87	0	1.000	0.963	1.000	
trnT-GGU/1/tRNA/1	+	42648	72	0	1.000	0.791	1.000	
trnV-GAC/1/tRNA/1	+	114028	72	0	1.000	0.993	1.000	
ycf1/1/CDS/1	+	122895	1080	0	0.194	0.626	0.943	
ycf2/1/CDS/1	+	99690	6936	0	1.013	0.639	1.000	
pafII/1/CDS/1	+	71648	555	0	1.000	0.646	1.000	
atpA/1/CDS/1	-	148915	1524	0	0.999	0.801	1.000	
atpB/1/CDS/1	-	103859	1497	0	1.001	0.787	0.989	
atpE/1/CDS/1	-	105352	402	0	1.000	0.680	0.998	
atpF/1/CDS/1	-	147580	145	0	1.000	0.758	1.000	
atpF/1/intron/1	-	147725	729	0	0.977	0.376	0.900	
atpF/1/CDS/2	-	148454	410	2	1.000	0.676	1.000	
atpH/1/CDS/1	-	146727	246	0	1.000	0.768	1.000	
atpI/1/CDS/1	-	144901	750	0	1.008	0.754	1.000	
clpP1/1/CDS/1	-	84827	71	0	1.000	0.462	0.831	
clpP1/1/intron/1	-	84898	813	0	1.002	0.374	0.876	
clpP1/1/CDS/2	-	85711	292	1	1.000	0.664	1.000	
clpP1/1/intron/2	-	86003	633	0	1.000	0.393	0.823	
clpP1/1/CDS/3	-	86636	228	0	1.000	0.623	0.969	
infA/1/CDS/1	-	76843	93	0	0.397	0.280	0.398	possible pseudogene, no start codon 
matK/1/CDS/1	-	158649	1521	0	0.996	0.379	0.903	
ndhA/1/CDS/1	-	33438	553	0	1.000	0.690	0.996	
ndhA/1/intron/1	-	33991	1060	0	0.989	0.291	0.824	
ndhA/1/CDS/2	-	35051	539	2	1.000	0.692	1.000	
ndhB/2/CDS/1	-	59207	777	0	1.000	0.953	1.000	
ndhB/2/intron/1	-	59984	682	0	0.999	0.897	1.000	
ndhB/2/CDS/2	-	60666	756	0	1.000	0.973	1.000	
ndhC/1/CDS/1	-	107296	363	0	1.000	0.809	1.000	
ndhD/1/CDS/1	-	38434	1503	0	0.999	0.578	0.989	
ndhE/1/CDS/1	-	37440	306	0	1.000	0.797	1.000	
ndhF/1/CDS/1	-	43469	2241	0	1.004	0.506	0.956	
ndhG/1/CDS/1	-	36619	531	0	1.000	0.656	1.000	
ndhH/1/CDS/1	-	32261	1176	0	0.995	0.668	0.982	
ndhI/1/CDS/1	-	35693	498	0	0.988	0.701	0.982	
ndhJ/1/CDS/1	-	108573	477	0	1.000	0.821	1.000	
ndhK/1/CDS/1	-	107710	681	0	0.966	0.749	0.968	
psaA/1/CDS/1	-	115685	2253	0	1.000	0.780	1.000	
psaB/1/CDS/1	-	117963	2205	0	1.000	0.817	1.000	
psaC/1/CDS/1	-	37994	246	0	1.000	0.872	1.000	
psbA/1/CDS/1	-	160775	1062	0	1.000	0.882	1.000	
psbE/1/CDS/1	-	92685	252	0	1.000	0.843	1.000	
psbF/1/CDS/1	-	92945	120	0	1.000	0.865	1.000	
psbJ/1/CDS/1	-	93343	123	0	1.000	0.914	1.000	
psbL/1/CDS/1	-	93091	117	0	1.000	0.949	1.000	
psbM/1/CDS/1	-	130139	105	0	1.000	0.836	1.000	
pbf1/1/CDS/1	-	82332	132	0	1.000	0.905	1.000	
rpl14/1/CDS/1	-	75746	369	0	1.000	0.716	1.000	
rpl16/1/CDS/1	-	73955	9	0	1.000	1.000	1.000	
rpl16/1/intron/1	-	73964	1252	0	1.202	0.174	0.677	
rpl16/1/CDS/2	-	75216	399	0	1.000	0.747	0.987	
rpl2/2/CDS/1	-	70589	400	0	1.023	0.873	1.000	possible pseudogene, shorter than 2nd copy 
rpl2/2/intron/1	-	70989	668	0	1.005	0.814	1.000	possible pseudogene, shorter than 2nd copy 
rpl2/2/CDS/2	-	71657	434	2	1.000	0.860	1.000	possible pseudogene, shorter than 2nd copy 
rpl20/1/CDS/1	-	87999	387	0	1.075	0.534	0.886	
rpl22/1/CDS/1	-	72629	474	0	1.039	0.374	0.907	
rpl23/2/CDS/1	-	70289	282	0	1.000	0.858	1.000	
rpl36/1/CDS/1	-	77126	114	0	1.000	0.736	1.000	
rpoA/1/CDS/1	-	77853	999	0	0.985	0.497	0.976	
rpoB/1/CDS/1	-	133199	3213	0	0.999	0.692	1.000	
rpoC1/1/CDS/1	-	136438	432	0	1.000	0.789	1.000	
rpoC1/1/intron/1	-	136870	804	0	1.062	0.432	0.884	
rpoC1/1/CDS/2	-	137674	1611	0	0.996	0.670	0.991	
rpoC2/1/CDS/1	-	139465	4176	0	1.005	0.538	0.987	
rps11/1/CDS/1	-	77365	417	0	1.000	0.619	1.000	
rps12-fragment/1/CDS/1	-	87075	114	0	1.000	0.759	1.000	
rps12-fragment/1/intron/1	-	87189	706	0	1.086	0.368	0.895	
rps12/2/intron/1	-	56693	869	0	0.966	0.623	1.000	
rps12/2/CDS/1	-	57562	232	0	1.000	0.997	1.000	
rps12/2/intron/2	-	57794	536	0	1.000	0.763	1.000	
rps12/2/CDS/2	-	58330	26	2	1.000	0.941	1.000	
rps14/1/CDS/1	-	120285	303	0	1.000	0.774	1.000	
rps15/1/CDS/1	-	31886	273	0	1.000	0.593	1.000	
rps16/1/CDS/1	-	155943	40	0	1.000	1.000	1.000	possible pseudogene, premature stop codon 
rps16/1/intron/1	-	155983	867	0	1.008	0.283	0.755	possible pseudogene, premature stop codon 
rps16/1/CDS/2	-	156850	104	0	0.458	0.846	1.000	possible pseudogene, premature stop codon 
rps19/2/CDS/1	-	72152	279	0	1.000	0.659	1.000	
rps2/1/CDS/1	-	143933	711	0	1.000	0.708	1.000	
rps3/1/CDS/1	-	73112	657	0	1.000	0.539	0.970	
rps4/1/CDS/1	-	111590	606	0	1.000	0.500	0.990	
rps7/2/CDS/1	-	58414	468	0	1.000	0.959	1.000	
rps8/1/CDS/1	-	76329	405	0	1.000	0.592	1.000	
rrn16/2/rRNA/1	-	17274	1491	0	1.000	0.957	1.000	
rrn23/2/rRNA/1	-	21194	2609	0	1.000	0.818	1.000	
rrn23/2/rRNA/2	-	23803	199	0	1.000	0.995	1.000	
rrn4.5/2/rRNA/1	-	24100	103	0	1.000	0.944	1.000	
rrn5/2/rRNA/1	-	24426	121	0	1.000	0.984	1.000	
trnA-UGC/2/tRNA/1	-	20152	38	0	1.000	1.000	1.000	
trnA-UGC/2/intron/1	-	20190	809	0	1.001	0.747	0.998	
trnA-UGC/2/tRNA/2	-	20999	35	0	1.000	1.000	1.000	
trnD-GUC/1/tRNA/1	-	129157	74	0	1.000	0.997	1.000	
trnE-UUC/1/tRNA/1	-	128459	73	0	1.000	0.907	1.000	
trnH-GUG/1/tRNA/1	-	162301	75	0	1.000	0.748	1.000	
trnI-CAU/2/tRNA/1	-	70050	74	0	1.000	0.952	1.000	
trnI-GAU/2/tRNA/1	-	19061	37	0	1.000	1.000	1.000	
trnI-GAU/2/intron/1	-	19098	955	0	1.010	0.705	0.997	
trnI-GAU/2/tRNA/2	-	20053	35	0	1.000	0.985	1.000	
trnK-UUU/1/tRNA/1	-	157853	37	0	1.000	0.986	1.000	
trnK-UUU/1/intron/1	-	157890	2543	0	1.011	0.348	0.866	
trnK-UUU/1/tRNA/2	-	160433	35	0	1.000	0.929	1.000	
trnL-CAA/2/tRNA/1	-	61999	81	0	1.000	0.987	1.000	
trnN-GUU/2/tRNA/1	-	47099	72	0	1.000	0.941	1.000	
trnP-UGG/1/tRNA/1	-	90584	74	0	1.000	1.000	1.000	
trnQ-UUG/1/tRNA/1	-	154897	72	0	1.000	0.950	1.000	
trnR-ACG/2/tRNA/1	-	24784	74	0	1.000	1.000	1.000	
trnS-GCU/1/tRNA/1	-	153518	88	0	1.000	0.926	1.000	
trnS-UGA/1/tRNA/1	-	122530	90	0	0.968	0.938	1.000	
trnT-UGU/1/tRNA/1	-	111118	73	0	1.000	0.921	1.000	
trnV-GAC/2/tRNA/1	-	16972	72	0	1.000	0.993	1.000	
trnV-UAC/1/tRNA/1	-	106288	39	0	1.000	0.959	1.000	
trnV-UAC/1/intron/1	-	106327	590	0	0.998	0.500	0.895	
trnV-UAC/1/tRNA/2	-	106917	35	0	1.000	0.983	1.000	
trnW-CCA/1/tRNA/1	-	90861	74	0	1.000	0.992	1.000	
trnY-GUA/1/tRNA/1	-	128591	84	0	1.000	0.980	1.000	
trnfM-CAU/1/tRNA/1	-	120758	74	0	1.000	0.732	1.000	
ycf1/2/CDS/1	-	25839	5670	0	1.017	0.289	0.808	
ycf2/2/CDS/1	-	2634	6936	0	1.013	0.506	0.999	
pafI/1/CDS/1	-	112994	124	0	1.000	0.847	1.000	
pafI/1/intron/1	-	113118	727	0	1.000	0.480	0.895	
pafI/1/CDS/2	-	113845	230	2	1.000	0.929	1.000	
pafI/1/intron/2	-	114075	656	0	0.886	0.479	0.992	
pafI/1/CDS/3	-	114731	153	0	1.000	0.790	1.000	
