psLayout version 3

match	mis- 	rep. 	N's	Q gap	Q gap	T gap	T gap	strand	Q        	Q   	Q    	Q  	T        	T   	T    	T  	block	blockSizes 	qStarts	 tStarts
     	match	match	   	count	bases	count	bases	      	name     	size	start	end	name     	size	start	end	count
---------------------------------------------------------------------------------------------------------------------------------------------------------------
81	0	0	0	0	0	0	0	+	OX359234.1	179650	159054	159135	trnL-CAA_STARTREF_NC_049111.1.genbank_ENDREF_STARTCMD_trna_ENDCMD_STARTKEY_272_ENDKEY	81	0	81	1	81,	159054,	0,
81	0	0	0	0	0	0	0	+	OX359234.1	179650	159054	159135	trnL-CAA_STARTREF_NC_049111.1.genbank_ENDREF_STARTCMD_trna_ENDCMD_STARTKEY_195_ENDKEY	81	0	81	1	81,	159054,	0,
71	1	0	0	0	0	0	0	+	OX359234.1	179650	144154	144226	trnN-GUU_STARTREF_NC_049111.1.genbank_ENDREF_STARTCMD_trna_ENDCMD_STARTKEY_249_ENDKEY	72	0	72	1	72,	144154,	0,
71	1	0	0	0	0	0	0	+	OX359234.1	179650	144154	144226	trnN-GUU_STARTREF_NC_049111.1.genbank_ENDREF_STARTCMD_trna_ENDCMD_STARTKEY_218_ENDKEY	72	0	72	1	72,	144154,	0,
71	1	0	0	0	0	0	0	+	OX359234.1	179650	144154	144226	trnN-GUU_STARTREF_NC_015141.1.genbank_ENDREF_STARTCMD_trna_ENDCMD_STARTKEY_179_ENDKEY	72	0	72	1	72,	144154,	0,
70	1	0	0	1	1	0	0	+	OX359234.1	179650	144154	144226	trnN-GTT_STARTREF_NC_045136.1.genbank_ENDREF_STARTCMD_trna_ENDCMD_STARTKEY_112_ENDKEY	71	0	71	2	12,59,	144154,144167,	0,12,
79	1	0	0	0	0	0	0	+	OX359234.1	179650	128248	128328	trnL-UAG_STARTREF_NC_049111.1.genbank_ENDREF_STARTCMD_trna_ENDCMD_STARTKEY_225_ENDKEY	80	0	80	1	80,	128248,	0,
74	0	0	0	0	0	0	0	+	OX359234.1	179650	121839	121913	trnR-ACG_STARTREF_NC_049111.1.genbank_ENDREF_STARTCMD_trna_ENDCMD_STARTKEY_251_ENDKEY	74	0	74	1	74,	121839,	0,
74	0	0	0	0	0	0	0	+	OX359234.1	179650	121839	121913	trnR-ACG_STARTREF_NC_049111.1.genbank_ENDREF_STARTCMD_trna_ENDCMD_STARTKEY_216_ENDKEY	74	0	74	1	74,	121839,	0,
116	5	0	0	0	0	0	0	+	OX359234.1	179650	121481	121602	rrn5_Zmays_GeSeq-SRS_v1	121	0	121	1	121,	121481,	0,
120	1	0	0	0	0	0	0	+	OX359234.1	179650	121481	121602	rrn5_Vvinifera_GeSeq-SRS_v1	121	0	121	1	121,	121481,	0,
120	1	0	0	0	0	0	0	+	OX359234.1	179650	121481	121602	rrn5_Stuberosum_GeSeq-SRS_v1	121	0	121	1	121,	121481,	0,
120	1	0	0	0	0	0	0	+	OX359234.1	179650	121481	121602	rrn5_Soleracea_GeSeq-SRS_v1	121	0	121	1	121,	121481,	0,
120	1	0	0	0	0	0	0	+	OX359234.1	179650	121481	121602	rrn5_Slycopersicum_GeSeq-SRS_v1	121	0	121	1	121,	121481,	0,
116	5	0	0	0	0	0	0	+	OX359234.1	179650	121481	121602	rrn5_Shybrid_GeSeq-SRS_v1	121	0	121	1	121,	121481,	0,
109	12	0	0	0	0	0	0	+	OX359234.1	179650	121481	121602	rrn5_Selaginella	121	0	121	1	121,	121481,	0,
116	5	0	0	0	0	0	0	+	OX359234.1	179650	121481	121602	rrn5_Sbicolor_GeSeq-SRS_v1	121	0	121	1	121,	121481,	0,
120	1	0	0	0	0	0	0	+	OX359234.1	179650	121481	121602	rrn5_STARTREF_NC_049111.1.genbank_ENDREF_STARTCMD_rrna_ENDCMD_STARTKEY_253_ENDKEY	121	0	121	1	121,	121481,	0,
120	1	0	0	0	0	0	0	+	OX359234.1	179650	121481	121602	rrn5_STARTREF_NC_049111.1.genbank_ENDREF_STARTCMD_rrna_ENDCMD_STARTKEY_214_ENDKEY	121	0	121	1	121,	121481,	0,
121	0	0	0	0	0	0	0	+	OX359234.1	179650	121481	121602	rrn5_Rcommunis_GeSeq-SRS_v1	121	0	121	1	121,	121481,	0,
121	0	0	0	0	0	0	0	+	OX359234.1	179650	121481	121602	rrn5_Ptrichocarpa_GeSeq-SRS_v1	121	0	121	1	121,	121481,	0,
100	7	0	0	0	0	0	0	+	OX359234.1	179650	121495	121602	rrn5_Pthunbergii_GeSeq-SRS_v1	121	14	121	1	107,	121495,	14,
117	4	0	0	0	0	0	0	+	OX359234.1	179650	121481	121602	rrn5_Psativum_GeSeq-SRS_v1	121	0	121	1	121,	121481,	0,
118	3	0	0	0	0	0	0	+	OX359234.1	179650	121481	121602	rrn5_Paphrodite_GeSeq-SRS_v1	121	0	121	1	121,	121481,	0,
116	5	0	0	0	0	0	0	+	OX359234.1	179650	121481	121602	rrn5_Osativaja_GeSeq-SRS_v1	121	0	121	1	121,	121481,	0,
120	1	0	0	0	0	0	0	+	OX359234.1	179650	121481	121602	rrn5_Oenothera	121	0	121	1	121,	121481,	0,
120	1	0	0	0	0	0	0	+	OX359234.1	179650	121481	121602	rrn5_Nundulata_GeSeq-SRS_v1	121	0	121	1	121,	121481,	0,
120	1	0	0	0	0	0	0	+	OX359234.1	179650	121481	121602	rrn5_Ntomentosiformis_GeSeq-SRS_v1	121	0	121	1	121,	121481,	0,
120	1	0	0	0	0	0	0	+	OX359234.1	179650	121481	121602	rrn5_Ntabacum_GeSeq-SRS_v1	121	0	121	1	121,	121481,	0,
120	1	0	0	0	0	0	0	+	OX359234.1	179650	121481	121602	rrn5_Nsylvestris_GeSeq-SRS_v1	121	0	121	1	121,	121481,	0,
117	4	0	0	0	0	0	0	+	OX359234.1	179650	121481	121602	rrn5_Mtruncatula_GeSeq-SRS_v1	121	0	121	1	121,	121481,	0,
109	10	0	0	0	0	0	0	+	OX359234.1	179650	121483	121602	rrn5_Mpolymorpha_GeSeq-SRS_v1	119	0	119	1	119,	121483,	0,
119	2	0	0	0	0	0	0	+	OX359234.1	179650	121481	121602	rrn5_Ljaponicus_GeSeq-SRS_v1	121	0	121	1	121,	121481,	0,
116	5	0	0	0	0	0	0	+	OX359234.1	179650	121481	121602	rrn5_Hvulgare_GeSeq-SRS_v1	121	0	121	1	121,	121481,	0,
121	0	0	0	0	0	0	0	+	OX359234.1	179650	121481	121602	rrn5_Hevea	121	0	121	1	121,	121481,	0,
119	2	0	0	0	0	0	0	+	OX359234.1	179650	121481	121602	rrn5_Gmax_GeSeq-SRS_v1	121	0	121	1	121,	121481,	0,
102	5	0	0	0	0	0	0	+	OX359234.1	179650	121495	121602	rrn5_Gbiloba_GeSeq-SRS_v1	119	12	119	1	107,	121495,	12,
119	2	0	0	0	0	0	0	+	OX359234.1	179650	121481	121602	rrn5_Eguineensis_GeSeq-SRS_v1	121	0	121	1	121,	121481,	0,
116	5	0	0	0	0	0	0	+	OX359234.1	179650	121481	121602	rrn5_Bdistachyon_GeSeq-SRS_v1	121	0	121	1	121,	121481,	0,
119	2	0	0	0	0	0	0	+	OX359234.1	179650	121481	121602	rrn5_Athaliana_GeSeq-SRS_v1	121	0	121	1	121,	121481,	0,
108	11	0	0	0	0	0	0	+	OX359234.1	179650	121483	121602	rrn5_Anthoceros	119	0	119	1	119,	121483,	0,
108	13	0	0	0	0	0	0	+	OX359234.1	179650	121481	121602	rrn5_Acapillus-veneris_GeSeq-SRS_v1	121	0	121	1	121,	121481,	0,
120	1	0	0	0	0	0	0	+	OX359234.1	179650	121481	121602	rrn5_Abelladonna_GeSeq-SRS_v1	121	0	121	1	121,	121481,	0,
101	2	0	0	0	0	0	0	+	OX359234.1	179650	121155	121258	rrn4.5_Vvinifera_GeSeq-SRS_v1	103	0	103	1	103,	121155,	0,
101	2	0	0	0	0	0	0	+	OX359234.1	179650	121155	121258	rrn4.5_Stuberosum_GeSeq-SRS_v1	103	0	103	1	103,	121155,	0,
98	5	0	0	0	0	0	0	+	OX359234.1	179650	121155	121258	rrn4.5_Soleracea_GeSeq-SRS_v1	103	0	103	1	103,	121155,	0,
101	2	0	0	0	0	0	0	+	OX359234.1	179650	121155	121258	rrn4.5_Slycopersicum_GeSeq-SRS_v1	103	0	103	1	103,	121155,	0,
101	2	0	0	0	0	0	0	+	OX359234.1	179650	121155	121258	rrn4.5_STARTREF_NC_049111.1.genbank_ENDREF_STARTCMD_rrna_ENDCMD_STARTKEY_255_ENDKEY	103	0	103	1	103,	121155,	0,
101	2	0	0	0	0	0	0	+	OX359234.1	179650	121155	121258	rrn4.5_STARTREF_NC_049111.1.genbank_ENDREF_STARTCMD_rrna_ENDCMD_STARTKEY_212_ENDKEY	103	0	103	1	103,	121155,	0,
101	2	0	0	0	0	0	0	+	OX359234.1	179650	121155	121258	rrn4.5_Rcommunis_GeSeq-SRS_v1	103	0	103	1	103,	121155,	0,
101	2	0	0	0	0	0	0	+	OX359234.1	179650	121155	121258	rrn4.5_Ptrichocarpa_GeSeq-SRS_v1	103	0	103	1	103,	121155,	0,
86	4	0	0	0	0	0	0	+	OX359234.1	179650	121156	121246	rrn4.5_Pthunbergii_GeSeq-SRS_v1	103	1	91	1	90,	121156,	1,
67	4	0	0	0	0	0	0	+	OX359234.1	179650	121187	121258	rrn4.5_Psativum_GeSeq-SRS_v1	104	33	104	1	71,	121187,	33,
88	2	0	0	0	0	0	0	+	OX359234.1	179650	121156	121246	rrn4.5_Paphrodite_GeSeq-SRS_v1	103	1	91	1	90,	121156,	1,
100	3	0	0	0	0	0	0	+	OX359234.1	179650	121155	121258	rrn4.5_Oelata_GeSeq-SRS_v1	103	0	103	1	103,	121155,	0,
101	2	0	0	0	0	0	0	+	OX359234.1	179650	121155	121258	rrn4.5_Nundulata_GeSeq-SRS_v1	103	0	103	1	103,	121155,	0,
101	2	0	0	0	0	0	0	+	OX359234.1	179650	121155	121258	rrn4.5_Ntomentosiformis_GeSeq-SRS_v1	103	0	103	1	103,	121155,	0,
101	2	0	0	0	0	0	0	+	OX359234.1	179650	121155	121258	rrn4.5_Ntabacum_GeSeq-SRS_v1	103	0	103	1	103,	121155,	0,
101	2	0	0	0	0	0	0	+	OX359234.1	179650	121155	121258	rrn4.5_Nsylvestris_GeSeq-SRS_v1	103	0	103	1	103,	121155,	0,
69	2	0	0	0	0	0	0	+	OX359234.1	179650	121187	121258	rrn4.5_Mtruncatula_GeSeq-SRS_v1	104	33	104	1	71,	121187,	33,
82	8	0	0	0	0	0	0	+	OX359234.1	179650	121156	121246	rrn4.5_Mpolymorpha_GeSeq-SRS_v1	103	1	91	1	90,	121156,	1,
70	1	0	0	0	0	0	0	+	OX359234.1	179650	121187	121258	rrn4.5_Ljaponicus_GeSeq-SRS_v1	104	33	104	1	71,	121187,	33,
101	2	0	0	0	0	0	0	+	OX359234.1	179650	121155	121258	rrn4.5_Hbrasiliensis_GeSeq-SRS_v1	103	0	103	1	103,	121155,	0,
68	1	0	0	0	0	0	0	+	OX359234.1	179650	121189	121258	rrn4.5_Gmax_GeSeq-SRS_v1	104	35	104	1	69,	121189,	35,
87	3	0	0	0	0	0	0	+	OX359234.1	179650	121156	121246	rrn4.5_Gbiloba_GeSeq-SRS_v1	103	1	91	1	90,	121156,	1,
88	2	0	0	0	0	0	0	+	OX359234.1	179650	121156	121246	rrn4.5_Eguineensis_GeSeq-SRS_v1	103	1	91	1	90,	121156,	1,
101	2	0	0	0	0	0	0	+	OX359234.1	179650	121155	121258	rrn4.5_Athaliana_GeSeq-SRS_v1	103	0	103	1	103,	121155,	0,
82	8	0	0	0	0	0	0	+	OX359234.1	179650	121156	121246	rrn4.5_Aformosae_GeSeq-SRS_v1	103	1	91	1	90,	121156,	1,
82	8	0	0	0	0	0	0	+	OX359234.1	179650	121156	121246	rrn4.5_Acapillus-veneris_GeSeq-SRS_v1	103	1	91	1	90,	121156,	1,
101	2	0	0	0	0	0	0	+	OX359234.1	179650	121155	121258	rrn4.5_Abelladonna_GeSeq-SRS_v1	103	0	103	1	103,	121155,	0,
72	0	0	0	1	955	0	0	+	OX359234.1	179650	116116	117143	trnI-GAU_STARTREF_NC_049111.1.genbank_ENDREF_STARTCMD_trna_ENDCMD_STARTKEY_261_ENDKEY	72	0	72	2	37,35,	116116,117108,	0,37,
72	0	0	0	1	955	0	0	+	OX359234.1	179650	116116	117143	trnI-GAU_STARTREF_NC_049111.1.genbank_ENDREF_STARTCMD_trna_ENDCMD_STARTKEY_206_ENDKEY	72	0	72	2	37,35,	116116,117108,	0,37,
73	0	0	0	1	809	0	0	+	OX359234.1	179650	117207	118089	trnA-UGC_STARTREF_NC_049111.1.genbank_ENDREF_STARTCMD_trna_ENDCMD_STARTKEY_259_ENDKEY	73	0	73	2	38,35,	117207,118054,	0,38,
73	0	0	0	1	809	0	0	+	OX359234.1	179650	117207	118089	trnA-UGC_STARTREF_NC_049111.1.genbank_ENDREF_STARTCMD_trna_ENDCMD_STARTKEY_208_ENDKEY	73	0	73	2	38,35,	117207,118054,	0,38,
51	2	0	0	0	0	0	0	+	OX359234.1	179650	118249	118302	rrn23_Zmays_GeSeq-SRS_v1	2884	0	53	1	53,	118249,	0,
79	5	0	0	0	0	0	0	+	OX359234.1	179650	118302	118386	rrn23_Zmays_GeSeq-SRS_v1	2884	54	138	1	84,	118302,	54,
376	16	0	0	1	1	0	0	+	OX359234.1	179650	118386	118779	rrn23_Zmays_GeSeq-SRS_v1	2884	139	531	2	227,165,	118386,118614,	139,366,
60	0	0	0	0	0	0	0	+	OX359234.1	179650	118809	118869	rrn23_Zmays_GeSeq-SRS_v1	2884	565	625	1	60,	118809,	565,
266	4	0	0	0	0	0	0	+	OX359234.1	179650	118869	119139	rrn23_Zmays_GeSeq-SRS_v1	2884	630	900	1	270,	118869,	630,
230	8	0	0	0	0	0	0	+	OX359234.1	179650	119146	119384	rrn23_Zmays_GeSeq-SRS_v1	2884	906	1144	1	238,	119146,	906,
386	23	0	0	0	0	0	0	+	OX359234.1	179650	119388	119797	rrn23_Zmays_GeSeq-SRS_v1	2884	1147	1556	1	409,	119388,	1147,
924	11	0	0	0	0	0	0	+	OX359234.1	179650	118249	119184	rrn23_Vvinifera_GeSeq-SRS_v1	2812	0	935	1	935,	118249,	0,
239	0	0	0	0	0	0	0	+	OX359234.1	179650	119203	119442	rrn23_Vvinifera_GeSeq-SRS_v1	2812	947	1186	1	239,	119203,	947,
59	0	0	0	0	0	0	0	+	OX359234.1	179650	119442	119501	rrn23_Vvinifera_GeSeq-SRS_v1	2812	1193	1252	1	59,	119442,	1193,
895	6	0	0	0	0	0	0	+	OX359234.1	179650	119502	120403	rrn23_Vvinifera_GeSeq-SRS_v1	2812	1255	2156	1	901,	119502,	1255,
307	5	0	0	0	0	0	0	+	OX359234.1	179650	118249	118561	rrn23_Stuberosum_GeSeq-SRS_v1	2810	0	312	1	312,	118249,	0,
234	2	0	0	0	0	0	0	+	OX359234.1	179650	118568	118804	rrn23_Stuberosum_GeSeq-SRS_v1	2810	320	556	1	236,	118568,	320,
1577	20	0	0	0	0	0	0	+	OX359234.1	179650	118806	120403	rrn23_Stuberosum_GeSeq-SRS_v1	2810	557	2154	1	1597,	118806,	557,
2107	48	0	0	1	1	0	0	+	OX359234.1	179650	118249	120405	rrn23_Soleracea_GeSeq-SRS_v1	2809	0	2155	2	1507,648,	118249,119757,	0,1507,
101	15	0	0	1	2	0	0	+	OX359234.1	179650	118249	118367	rrn23_Smoellendorffii_GeSeq-SRS_v1	2829	0	116	2	68,48,	118249,118319,	0,68,
118	14	0	0	0	0	0	0	+	OX359234.1	179650	118404	118536	rrn23_Smoellendorffii_GeSeq-SRS_v1	2829	155	287	1	132,	118404,	155,
232	25	0	0	0	0	0	0	+	OX359234.1	179650	118544	118801	rrn23_Smoellendorffii_GeSeq-SRS_v1	2829	298	555	1	257,	118544,	298,
89	5	0	0	0	0	0	0	+	OX359234.1	179650	118810	118904	rrn23_Smoellendorffii_GeSeq-SRS_v1	2829	565	659	1	94,	118810,	565,
189	9	0	0	0	0	0	0	+	OX359234.1	179650	118907	119105	rrn23_Smoellendorffii_GeSeq-SRS_v1	2829	663	861	1	198,	118907,	663,
71	5	0	0	0	0	0	0	+	OX359234.1	179650	119114	119190	rrn23_Smoellendorffii_GeSeq-SRS_v1	2829	871	947	1	76,	119114,	871,
222	13	0	0	0	0	0	0	+	OX359234.1	179650	119209	119444	rrn23_Smoellendorffii_GeSeq-SRS_v1	2829	969	1204	1	235,	119209,	969,
252	13	0	0	0	0	0	0	+	OX359234.1	179650	119480	119745	rrn23_Smoellendorffii_GeSeq-SRS_v1	2829	1248	1513	1	265,	119480,	1248,
594	36	0	0	0	0	0	0	+	OX359234.1	179650	119771	120401	rrn23_Smoellendorffii_GeSeq-SRS_v1	2829	1541	2171	1	630,	119771,	1541,
307	5	0	0	0	0	0	0	+	OX359234.1	179650	118249	118561	rrn23_Slycopersicum_GeSeq-SRS_v1	2810	0	312	1	312,	118249,	0,
234	2	0	0	0	0	0	0	+	OX359234.1	179650	118568	118804	rrn23_Slycopersicum_GeSeq-SRS_v1	2810	320	556	1	236,	118568,	320,
1577	20	0	0	0	0	0	0	+	OX359234.1	179650	118806	120403	rrn23_Slycopersicum_GeSeq-SRS_v1	2810	557	2154	1	1597,	118806,	557,
130	7	0	0	0	0	0	0	+	OX359234.1	179650	118249	118386	rrn23_Shybrid_GeSeq-SRS_v1	2888	0	137	1	137,	118249,	0,
380	13	0	0	0	0	0	0	+	OX359234.1	179650	118386	118779	rrn23_Shybrid_GeSeq-SRS_v1	2888	138	531	1	393,	118386,	138,
60	0	0	0	0	0	0	0	+	OX359234.1	179650	118809	118869	rrn23_Shybrid_GeSeq-SRS_v1	2888	565	625	1	60,	118809,	565,
895	33	0	0	0	0	0	0	+	OX359234.1	179650	118869	119797	rrn23_Shybrid_GeSeq-SRS_v1	2888	630	1558	1	928,	118869,	630,
171	2	0	0	0	0	0	0	+	OX359234.1	179650	119829	120002	rrn23_Shybrid_GeSeq-SRS_v1	2888	1659	1832	1	173,	119829,	1659,
399	4	0	0	0	0	0	0	+	OX359234.1	179650	120002	120405	rrn23_Shybrid_GeSeq-SRS_v1	2888	1833	2236	1	403,	120002,	1833,
130	7	0	0	0	0	0	0	+	OX359234.1	179650	118249	118386	rrn23_Sbicolor_GeSeq-SRS_v1	2888	0	137	1	137,	118249,	0,
380	13	0	0	0	0	0	0	+	OX359234.1	179650	118386	118779	rrn23_Sbicolor_GeSeq-SRS_v1	2888	138	531	1	393,	118386,	138,
60	0	0	0	0	0	0	0	+	OX359234.1	179650	118809	118869	rrn23_Sbicolor_GeSeq-SRS_v1	2888	565	625	1	60,	118809,	565,
895	33	0	0	0	0	0	0	+	OX359234.1	179650	118869	119797	rrn23_Sbicolor_GeSeq-SRS_v1	2888	630	1558	1	928,	118869,	630,
171	2	0	0	0	0	0	0	+	OX359234.1	179650	119829	120002	rrn23_Sbicolor_GeSeq-SRS_v1	2888	1659	1832	1	173,	119829,	1659,
399	4	0	0	0	0	0	0	+	OX359234.1	179650	120002	120405	rrn23_Sbicolor_GeSeq-SRS_v1	2888	1833	2236	1	403,	120002,	1833,
2141	15	0	0	0	0	0	0	+	OX359234.1	179650	118249	120405	rrn23_STARTREF_NC_049111.1.genbank_ENDREF_STARTCMD_rrna_ENDCMD_STARTKEY_257_ENDKEY	2808	0	2156	1	2156,	118249,	0,
2141	15	0	0	0	0	0	0	+	OX359234.1	179650	118249	120405	rrn23_STARTREF_NC_049111.1.genbank_ENDREF_STARTCMD_rrna_ENDCMD_STARTKEY_210_ENDKEY	2808	0	2156	1	2156,	118249,	0,
2149	7	0	0	0	0	0	0	+	OX359234.1	179650	118249	120405	rrn23_Rcommunis_GeSeq-SRS_v1	2810	0	2156	1	2156,	118249,	0,
2143	12	0	0	1	1	0	0	+	OX359234.1	179650	118249	120405	rrn23_Ptrichocarpa_GeSeq-SRS_v1	2809	0	2155	2	1224,931,	118249,119474,	0,1224,
646	2	0	0	0	0	0	0	+	OX359234.1	179650	120409	121057	rrn23_Ptrichocarpa_GeSeq-SRS_v1	2809	2161	2809	1	648,	120409,	2161,
273	11	0	0	0	0	0	0	+	OX359234.1	179650	118249	118533	rrn23_Pthunbergii_GeSeq-SRS_v1	2803	0	284	1	284,	118249,	0,
249	8	0	0	0	0	0	0	+	OX359234.1	179650	118544	118801	rrn23_Pthunbergii_GeSeq-SRS_v1	2803	297	554	1	257,	118544,	297,
296	4	0	0	0	0	0	0	+	OX359234.1	179650	118809	119109	rrn23_Pthunbergii_GeSeq-SRS_v1	2803	563	863	1	300,	118809,	563,
73	2	0	0	0	0	0	0	+	OX359234.1	179650	119109	119184	rrn23_Pthunbergii_GeSeq-SRS_v1	2803	864	939	1	75,	119109,	864,
522	15	0	0	1	6	0	0	+	OX359234.1	179650	119202	119745	rrn23_Pthunbergii_GeSeq-SRS_v1	2803	960	1497	2	7,530,	119202,119215,	960,967,
369	8	0	0	2	5	0	0	+	OX359234.1	179650	119758	120140	rrn23_Pthunbergii_GeSeq-SRS_v1	2803	1506	1883	3	243,130,4,	119758,120005,120136,	1506,1749,1879,
252	9	0	0	0	0	0	0	+	OX359234.1	179650	120140	120401	rrn23_Pthunbergii_GeSeq-SRS_v1	2803	1884	2145	1	261,	120140,	1884,
529	24	0	0	1	1	0	0	+	OX359234.1	179650	118249	118803	rrn23_Psativum_GeSeq-SRS_v1	2812	0	553	2	540,13,	118249,118790,	0,540,
376	8	0	0	0	0	0	0	+	OX359234.1	179650	118806	119190	rrn23_Psativum_GeSeq-SRS_v1	2812	555	939	1	384,	118806,	555,
43	0	0	0	0	0	0	0	+	OX359234.1	179650	119202	119245	rrn23_Psativum_GeSeq-SRS_v1	2812	944	987	1	43,	119202,	944,
477	17	0	0	0	0	0	0	+	OX359234.1	179650	119245	119739	rrn23_Psativum_GeSeq-SRS_v1	2812	988	1482	1	494,	119245,	988,
543	10	0	0	0	0	0	0	+	OX359234.1	179650	118249	118802	rrn23_Paphrodite_GeSeq-SRS_v1	2807	0	553	1	553,	118249,	0,
378	3	0	0	0	0	0	0	+	OX359234.1	179650	118809	119190	rrn23_Paphrodite_GeSeq-SRS_v1	2807	561	942	1	381,	118809,	561,
1187	19	0	0	0	0	0	0	+	OX359234.1	179650	119197	120403	rrn23_Paphrodite_GeSeq-SRS_v1	2807	945	2151	1	1206,	119197,	945,
129	8	0	0	0	0	0	0	+	OX359234.1	179650	118249	118386	rrn23_Osativaja_GeSeq-SRS_v1	2884	0	137	1	137,	118249,	0,
380	13	0	0	0	0	0	0	+	OX359234.1	179650	118386	118779	rrn23_Osativaja_GeSeq-SRS_v1	2884	138	531	1	393,	118386,	138,
60	0	0	0	0	0	0	0	+	OX359234.1	179650	118809	118869	rrn23_Osativaja_GeSeq-SRS_v1	2884	565	625	1	60,	118809,	565,
896	32	0	0	0	0	0	0	+	OX359234.1	179650	118869	119797	rrn23_Osativaja_GeSeq-SRS_v1	2884	630	1558	1	928,	118869,	630,
934	15	0	0	0	0	0	0	+	OX359234.1	179650	118249	119198	rrn23_Oelata_GeSeq-SRS_v1	2835	0	949	1	949,	118249,	0,
1187	14	0	0	0	0	0	0	+	OX359234.1	179650	119202	120403	rrn23_Oelata_GeSeq-SRS_v1	2835	978	2179	1	1201,	119202,	978,
307	5	0	0	0	0	0	0	+	OX359234.1	179650	118249	118561	rrn23_Nundulata_GeSeq-SRS_v1	2810	0	312	1	312,	118249,	0,
233	3	0	0	0	0	0	0	+	OX359234.1	179650	118568	118804	rrn23_Nundulata_GeSeq-SRS_v1	2810	320	556	1	236,	118568,	320,
1576	21	0	0	0	0	0	0	+	OX359234.1	179650	118806	120403	rrn23_Nundulata_GeSeq-SRS_v1	2810	557	2154	1	1597,	118806,	557,
306	6	0	0	0	0	0	0	+	OX359234.1	179650	118249	118561	rrn23_Ntomentosiformis_GeSeq-SRS_v1	2810	0	312	1	312,	118249,	0,
233	3	0	0	0	0	0	0	+	OX359234.1	179650	118568	118804	rrn23_Ntomentosiformis_GeSeq-SRS_v1	2810	320	556	1	236,	118568,	320,
1577	20	0	0	0	0	0	0	+	OX359234.1	179650	118806	120403	rrn23_Ntomentosiformis_GeSeq-SRS_v1	2810	557	2154	1	1597,	118806,	557,
307	5	0	0	0	0	0	0	+	OX359234.1	179650	118249	118561	rrn23_Ntabacum_GeSeq-SRS_v1	2810	0	312	1	312,	118249,	0,
233	3	0	0	0	0	0	0	+	OX359234.1	179650	118568	118804	rrn23_Ntabacum_GeSeq-SRS_v1	2810	320	556	1	236,	118568,	320,
1576	21	0	0	0	0	0	0	+	OX359234.1	179650	118806	120403	rrn23_Ntabacum_GeSeq-SRS_v1	2810	557	2154	1	1597,	118806,	557,
307	5	0	0	0	0	0	0	+	OX359234.1	179650	118249	118561	rrn23_Nsylvestris_GeSeq-SRS_v1	2810	0	312	1	312,	118249,	0,
233	3	0	0	0	0	0	0	+	OX359234.1	179650	118568	118804	rrn23_Nsylvestris_GeSeq-SRS_v1	2810	320	556	1	236,	118568,	320,
1576	21	0	0	0	0	0	0	+	OX359234.1	179650	118806	120403	rrn23_Nsylvestris_GeSeq-SRS_v1	2810	557	2154	1	1597,	118806,	557,
530	24	0	0	0	0	0	0	+	OX359234.1	179650	118249	118803	rrn23_Mtruncatula_GeSeq-SRS_v1	2796	0	554	1	554,	118249,	0,
374	6	0	0	0	0	0	0	+	OX359234.1	179650	118806	119186	rrn23_Mtruncatula_GeSeq-SRS_v1	2796	556	936	1	380,	118806,	556,
525	11	0	0	1	1	0	0	+	OX359234.1	179650	119202	119739	rrn23_Mtruncatula_GeSeq-SRS_v1	2796	943	1479	2	7,529,	119202,119210,	943,950,
636	16	0	0	0	0	0	0	+	OX359234.1	179650	119751	120403	rrn23_Mtruncatula_GeSeq-SRS_v1	2796	1492	2144	1	652,	119751,	1492,
520	32	0	0	1	1	0	0	+	OX359234.1	179650	118249	118802	rrn23_Mpolymorpha_GeSeq-SRS_v1	2811	0	552	2	270,282,	118249,118520,	0,270,
295	5	0	0	0	0	0	0	+	OX359234.1	179650	118809	119109	rrn23_Mpolymorpha_GeSeq-SRS_v1	2811	560	860	1	300,	118809,	560,
72	1	0	0	0	0	0	0	+	OX359234.1	179650	119109	119182	rrn23_Mpolymorpha_GeSeq-SRS_v1	2811	861	934	1	73,	119109,	861,
261	17	0	0	0	0	0	0	+	OX359234.1	179650	119209	119487	rrn23_Mpolymorpha_GeSeq-SRS_v1	2811	962	1240	1	278,	119209,	962,
242	4	0	0	1	1	0	0	+	OX359234.1	179650	119494	119741	rrn23_Mpolymorpha_GeSeq-SRS_v1	2811	1246	1492	2	205,41,	119494,119700,	1246,1451,
545	11	0	0	0	0	0	0	+	OX359234.1	179650	118249	118805	rrn23_Ljaponicus_GeSeq-SRS_v1	2816	0	556	1	556,	118249,	0,
1052	20	0	0	0	0	0	0	+	OX359234.1	179650	118806	119878	rrn23_Ljaponicus_GeSeq-SRS_v1	2816	562	1634	1	1072,	118806,	562,
522	3	0	0	0	0	0	0	+	OX359234.1	179650	119878	120403	rrn23_Ljaponicus_GeSeq-SRS_v1	2816	1635	2160	1	525,	119878,	1635,
131	6	0	0	0	0	0	0	+	OX359234.1	179650	118249	118386	rrn23_Hvulgare_GeSeq-SRS_v1	2888	0	137	1	137,	118249,	0,
379	14	0	0	0	0	0	0	+	OX359234.1	179650	118386	118779	rrn23_Hvulgare_GeSeq-SRS_v1	2888	138	531	1	393,	118386,	138,
60	0	0	0	0	0	0	0	+	OX359234.1	179650	118809	118869	rrn23_Hvulgare_GeSeq-SRS_v1	2888	565	625	1	60,	118809,	565,
895	33	0	0	0	0	0	0	+	OX359234.1	179650	118869	119797	rrn23_Hvulgare_GeSeq-SRS_v1	2888	630	1558	1	928,	118869,	630,
171	2	0	0	0	0	0	0	+	OX359234.1	179650	119829	120002	rrn23_Hvulgare_GeSeq-SRS_v1	2888	1659	1832	1	173,	119829,	1659,
400	3	0	0	0	0	0	0	+	OX359234.1	179650	120002	120405	rrn23_Hvulgare_GeSeq-SRS_v1	2888	1833	2236	1	403,	120002,	1833,
2145	11	0	0	0	0	0	0	+	OX359234.1	179650	118249	120405	rrn23_Hbrasiliensis_GeSeq-SRS_v1	2810	0	2156	1	2156,	118249,	0,
648	0	0	0	0	0	0	0	+	OX359234.1	179650	120409	121057	rrn23_Hbrasiliensis_GeSeq-SRS_v1	2810	2162	2810	1	648,	120409,	2162,
113	3	0	0	0	0	0	0	+	OX359234.1	179650	118249	118365	rrn23_Gmax_GeSeq-SRS_v1	2814	0	116	1	116,	118249,	0,
190	6	0	0	0	0	0	0	+	OX359234.1	179650	118365	118561	rrn23_Gmax_GeSeq-SRS_v1	2814	117	313	1	196,	118365,	117,
232	2	0	0	0	0	0	0	+	OX359234.1	179650	118568	118802	rrn23_Gmax_GeSeq-SRS_v1	2814	322	556	1	234,	118568,	322,
1562	32	0	0	0	0	0	0	+	OX359234.1	179650	118809	120403	rrn23_Gmax_GeSeq-SRS_v1	2814	564	2158	1	1594,	118809,	564,
256	10	0	0	0	0	0	0	+	OX359234.1	179650	118249	118515	rrn23_Gbiloba_GeSeq-SRS_v1	2814	0	266	1	266,	118249,	0,
275	12	0	0	0	0	0	0	+	OX359234.1	179650	118515	118802	rrn23_Gbiloba_GeSeq-SRS_v1	2814	267	554	1	287,	118515,	267,
296	4	0	0	0	0	0	0	+	OX359234.1	179650	118809	119109	rrn23_Gbiloba_GeSeq-SRS_v1	2814	562	862	1	300,	118809,	562,
623	18	0	0	0	0	0	0	+	OX359234.1	179650	119109	119750	rrn23_Gbiloba_GeSeq-SRS_v1	2814	863	1504	1	641,	119109,	863,
625	21	0	0	0	0	0	0	+	OX359234.1	179650	119757	120403	rrn23_Gbiloba_GeSeq-SRS_v1	2814	1512	2158	1	646,	119757,	1512,
545	8	0	0	0	0	0	0	+	OX359234.1	179650	118249	118802	rrn23_Eguineensis_GeSeq-SRS_v1	2811	0	553	1	553,	118249,	0,
1578	16	0	0	0	0	0	0	+	OX359234.1	179650	118809	120403	rrn23_Eguineensis_GeSeq-SRS_v1	2811	561	2155	1	1594,	118809,	561,
131	6	0	0	0	0	0	0	+	OX359234.1	179650	118249	118386	rrn23_Bdistachyon_GeSeq-SRS_v1	2888	0	137	1	137,	118249,	0,
380	13	0	0	0	0	0	0	+	OX359234.1	179650	118386	118779	rrn23_Bdistachyon_GeSeq-SRS_v1	2888	138	531	1	393,	118386,	138,
60	0	0	0	0	0	0	0	+	OX359234.1	179650	118809	118869	rrn23_Bdistachyon_GeSeq-SRS_v1	2888	565	625	1	60,	118809,	565,
904	34	0	0	0	0	0	0	+	OX359234.1	179650	118869	119807	rrn23_Bdistachyon_GeSeq-SRS_v1	2888	630	1568	1	938,	118869,	630,
2128	28	0	0	0	0	0	0	+	OX359234.1	179650	118249	120405	rrn23_Athaliana_GeSeq-SRS_v1	2810	0	2156	1	2156,	118249,	0,
516	37	0	0	0	0	0	0	+	OX359234.1	179650	118249	118802	rrn23_Aformosae_GeSeq-SRS_v1	2819	0	553	1	553,	118249,	0,
294	6	0	0	0	0	0	0	+	OX359234.1	179650	118809	119109	rrn23_Aformosae_GeSeq-SRS_v1	2819	561	861	1	300,	118809,	561,
76	2	0	0	0	0	0	0	+	OX359234.1	179650	119109	119187	rrn23_Aformosae_GeSeq-SRS_v1	2819	862	940	1	78,	119109,	862,
448	19	0	0	0	0	0	0	+	OX359234.1	179650	119209	119676	rrn23_Aformosae_GeSeq-SRS_v1	2819	967	1434	1	467,	119209,	967,
124	14	0	0	0	0	0	0	+	OX359234.1	179650	118249	118387	rrn23_Acapillus-veneris_GeSeq-SRS_v1	2811	0	138	1	138,	118249,	0,
48	6	0	0	0	0	0	0	+	OX359234.1	179650	118387	118441	rrn23_Acapillus-veneris_GeSeq-SRS_v1	2811	139	193	1	54,	118387,	139,
312	42	0	0	1	3	0	0	+	OX359234.1	179650	118445	118802	rrn23_Acapillus-veneris_GeSeq-SRS_v1	2811	200	554	2	6,348,	118445,118454,	200,206,
56	6	0	0	0	0	0	0	+	OX359234.1	179650	118809	118871	rrn23_Acapillus-veneris_GeSeq-SRS_v1	2811	562	624	1	62,	118809,	562,
228	8	0	0	1	1	0	0	+	OX359234.1	179650	118871	119108	rrn23_Acapillus-veneris_GeSeq-SRS_v1	2811	628	864	2	5,231,	118871,118877,	628,633,
73	3	0	0	0	0	0	0	+	OX359234.1	179650	119108	119184	rrn23_Acapillus-veneris_GeSeq-SRS_v1	2811	865	941	1	76,	119108,	865,
507	30	0	0	1	6	0	0	+	OX359234.1	179650	119202	119745	rrn23_Acapillus-veneris_GeSeq-SRS_v1	2811	972	1509	2	7,530,	119202,119215,	972,979,
591	35	0	0	0	0	0	0	+	OX359234.1	179650	119772	120398	rrn23_Acapillus-veneris_GeSeq-SRS_v1	2811	1524	2150	1	626,	119772,	1524,
602	36	0	0	0	0	0	0	+	OX359234.1	179650	120418	121056	rrn23_Acapillus-veneris_GeSeq-SRS_v1	2811	2172	2810	1	638,	120418,	2172,
307	5	0	0	0	0	0	0	+	OX359234.1	179650	118249	118561	rrn23_Abelladonna_GeSeq-SRS_v1	2812	0	312	1	312,	118249,	0,
234	2	0	0	0	0	0	0	+	OX359234.1	179650	118568	118804	rrn23_Abelladonna_GeSeq-SRS_v1	2812	320	556	1	236,	118568,	320,
1577	20	0	0	0	0	0	0	+	OX359234.1	179650	118806	120403	rrn23_Abelladonna_GeSeq-SRS_v1	2812	557	2154	1	1597,	118806,	557,
71	1	0	0	0	0	0	0	+	OX359234.1	179650	114027	114099	trnV-GAC_STARTREF_NC_049111.1.genbank_ENDREF_STARTCMD_trna_ENDCMD_STARTKEY_265_ENDKEY	72	0	72	1	72,	114027,	0,
71	1	0	0	0	0	0	0	+	OX359234.1	179650	114027	114099	trnV-GAC_STARTREF_NC_049111.1.genbank_ENDREF_STARTCMD_trna_ENDCMD_STARTKEY_202_ENDKEY	72	0	72	1	72,	114027,	0,
50	7	0	0	0	0	0	0	+	OX359234.1	179650	114337	114394	rrnS_STARTREF_NC_045136.1.genbank_ENDREF_STARTCMD_rrna_ENDCMD_STARTKEY_43_ENDKEY	1937	15	72	1	57,	114337,	15,
88	12	0	0	0	0	0	0	+	OX359234.1	179650	114586	114686	rrnS_STARTREF_NC_045136.1.genbank_ENDREF_STARTCMD_rrna_ENDCMD_STARTKEY_43_ENDKEY	1937	306	406	1	100,	114586,	306,
62	10	0	0	0	0	0	0	+	OX359234.1	179650	114780	114852	rrnS_STARTREF_NC_045136.1.genbank_ENDREF_STARTCMD_rrna_ENDCMD_STARTKEY_43_ENDKEY	1937	502	574	1	72,	114780,	502,
50	7	0	0	0	0	0	0	+	OX359234.1	179650	114337	114394	rrn18_STARTREF_NC_015141.1.genbank_ENDREF_STARTCMD_rrna_ENDCMD_STARTKEY_11_ENDKEY	1937	15	72	1	57,	114337,	15,
88	12	0	0	0	0	0	0	+	OX359234.1	179650	114586	114686	rrn18_STARTREF_NC_015141.1.genbank_ENDREF_STARTCMD_rrna_ENDCMD_STARTKEY_11_ENDKEY	1937	306	406	1	100,	114586,	306,
62	10	0	0	0	0	0	0	+	OX359234.1	179650	114780	114852	rrn18_STARTREF_NC_015141.1.genbank_ENDREF_STARTCMD_rrna_ENDCMD_STARTKEY_11_ENDKEY	1937	502	574	1	72,	114780,	502,
1056	25	0	0	0	0	0	0	+	OX359234.1	179650	114329	115410	rrn16_Zmays_GeSeq-SRS_v1	1491	0	1081	1	1081,	114329,	0,
279	13	0	0	0	0	0	0	+	OX359234.1	179650	115412	115704	rrn16_Zmays_GeSeq-SRS_v1	1491	1082	1374	1	292,	115412,	1082,
95	6	0	0	0	0	0	0	+	OX359234.1	179650	115719	115820	rrn16_Zmays_GeSeq-SRS_v1	1491	1390	1491	1	101,	115719,	1390,
1485	6	0	0	0	0	0	0	+	OX359234.1	179650	114329	115820	rrn16_Vvinifera_GeSeq-SRS_v1	1491	0	1491	1	1491,	114329,	0,
73	0	0	0	0	0	0	0	+	OX359234.1	179650	114329	114402	rrn16_Stuberosum_GeSeq-SRS_v1	1500	0	73	1	73,	114329,	0,
1408	8	0	0	0	0	0	0	+	OX359234.1	179650	114404	115820	rrn16_Stuberosum_GeSeq-SRS_v1	1500	84	1500	1	1416,	114404,	84,
1477	14	0	0	0	0	0	0	+	OX359234.1	179650	114329	115820	rrn16_Soleracea_GeSeq-SRS_v1	1491	0	1491	1	1491,	114329,	0,
65	3	0	0	0	0	0	0	+	OX359234.1	179650	114335	114403	rrn16_Smoellendorffii_GeSeq-SRS_v1	1500	6	74	1	68,	114335,	6,
102	9	0	0	0	0	0	0	+	OX359234.1	179650	114403	114514	rrn16_Smoellendorffii_GeSeq-SRS_v1	1500	82	193	1	111,	114403,	82,
1231	74	0	0	0	0	0	0	+	OX359234.1	179650	114514	115819	rrn16_Smoellendorffii_GeSeq-SRS_v1	1500	194	1499	1	1305,	114514,	194,
73	0	0	0	0	0	0	0	+	OX359234.1	179650	114329	114402	rrn16_Slycopersicum_GeSeq-SRS_v1	1500	0	73	1	73,	114329,	0,
1408	8	0	0	0	0	0	0	+	OX359234.1	179650	114404	115820	rrn16_Slycopersicum_GeSeq-SRS_v1	1500	84	1500	1	1416,	114404,	84,
1057	24	0	0	0	0	0	0	+	OX359234.1	179650	114329	115410	rrn16_Shybrid_GeSeq-SRS_v1	1491	0	1081	1	1081,	114329,	0,
280	12	0	0	0	0	0	0	+	OX359234.1	179650	115412	115704	rrn16_Shybrid_GeSeq-SRS_v1	1491	1082	1374	1	292,	115412,	1082,
95	6	0	0	0	0	0	0	+	OX359234.1	179650	115719	115820	rrn16_Shybrid_GeSeq-SRS_v1	1491	1390	1491	1	101,	115719,	1390,
1057	24	0	0	0	0	0	0	+	OX359234.1	179650	114329	115410	rrn16_Sbicolor_GeSeq-SRS_v1	1491	0	1081	1	1081,	114329,	0,
280	12	0	0	0	0	0	0	+	OX359234.1	179650	115412	115704	rrn16_Sbicolor_GeSeq-SRS_v1	1491	1082	1374	1	292,	115412,	1082,
95	6	0	0	0	0	0	0	+	OX359234.1	179650	115719	115820	rrn16_Sbicolor_GeSeq-SRS_v1	1491	1390	1491	1	101,	115719,	1390,
1486	5	0	0	0	0	0	0	+	OX359234.1	179650	114329	115820	rrn16_STARTREF_NC_049111.1.genbank_ENDREF_STARTCMD_rrna_ENDCMD_STARTKEY_263_ENDKEY	1491	0	1491	1	1491,	114329,	0,
1486	5	0	0	0	0	0	0	+	OX359234.1	179650	114329	115820	rrn16_STARTREF_NC_049111.1.genbank_ENDREF_STARTCMD_rrna_ENDCMD_STARTKEY_204_ENDKEY	1491	0	1491	1	1491,	114329,	0,
1490	1	0	0	0	0	0	0	+	OX359234.1	179650	114329	115820	rrn16_Rcommunis_GeSeq-SRS_v1	1491	0	1491	1	1491,	114329,	0,
1485	6	0	0	0	0	0	0	+	OX359234.1	179650	114329	115820	rrn16_Ptrichocarpa_GeSeq-SRS_v1	1491	0	1491	1	1491,	114329,	0,
1446	45	0	0	0	0	0	0	+	OX359234.1	179650	114329	115820	rrn16_Pthunbergii_GeSeq-SRS_v1	1491	0	1491	1	1491,	114329,	0,
745	28	0	0	1	1	0	0	+	OX359234.1	179650	114330	115104	rrn16_Psativum_GeSeq-SRS_v1	1489	1	774	2	384,389,	114330,114715,	1,385,
690	20	0	0	2	2	0	0	+	OX359234.1	179650	115108	115820	rrn16_Psativum_GeSeq-SRS_v1	1489	779	1489	3	169,39,502,	115108,115278,115318,	779,948,987,
1473	17	0	0	1	1	0	0	+	OX359234.1	179650	114329	115820	rrn16_Paphrodite_GeSeq-SRS_v1	1490	0	1490	2	1236,254,	114329,115566,	0,1236,
1056	25	0	0	0	0	0	0	+	OX359234.1	179650	114329	115410	rrn16_Osativaja_GeSeq-SRS_v1	1491	0	1081	1	1081,	114329,	0,
291	16	0	0	0	0	0	0	+	OX359234.1	179650	115412	115719	rrn16_Osativaja_GeSeq-SRS_v1	1491	1082	1389	1	307,	115412,	1082,
95	6	0	0	0	0	0	0	+	OX359234.1	179650	115719	115820	rrn16_Osativaja_GeSeq-SRS_v1	1491	1390	1491	1	101,	115719,	1390,
1404	23	0	0	0	0	0	0	+	OX359234.1	179650	114329	115756	rrn16_Oelata_GeSeq-SRS_v1	1492	0	1427	1	1427,	114329,	0,
63	0	0	0	0	0	0	0	+	OX359234.1	179650	115757	115820	rrn16_Oelata_GeSeq-SRS_v1	1492	1429	1492	1	63,	115757,	1429,
1483	8	0	0	0	0	0	0	+	OX359234.1	179650	114329	115820	rrn16_Nundulata_GeSeq-SRS_v1	1491	0	1491	1	1491,	114329,	0,
1483	8	0	0	0	0	0	0	+	OX359234.1	179650	114329	115820	rrn16_Ntomentosiformis_GeSeq-SRS_v1	1491	0	1491	1	1491,	114329,	0,
1483	8	0	0	0	0	0	0	+	OX359234.1	179650	114329	115820	rrn16_Ntabacum_GeSeq-SRS_v1	1491	0	1491	1	1491,	114329,	0,
1483	8	0	0	0	0	0	0	+	OX359234.1	179650	114329	115820	rrn16_Nsylvestris_GeSeq-SRS_v1	1491	0	1491	1	1491,	114329,	0,
751	24	0	0	0	0	0	0	+	OX359234.1	179650	114329	115104	rrn16_Mtruncatula_GeSeq-SRS_v1	1492	0	775	1	775,	114329,	0,
696	16	0	0	0	0	0	0	+	OX359234.1	179650	115108	115820	rrn16_Mtruncatula_GeSeq-SRS_v1	1492	780	1492	1	712,	115108,	780,
72	2	0	0	0	0	0	0	+	OX359234.1	179650	114329	114403	rrn16_Mpolymorpha_GeSeq-SRS_v1	1496	0	74	1	74,	114329,	0,
1286	56	0	0	2	2	0	0	+	OX359234.1	179650	114403	115747	rrn16_Mpolymorpha_GeSeq-SRS_v1	1496	82	1424	3	280,431,631,	114403,114684,115116,	82,362,793,
69	0	0	0	0	0	0	0	+	OX359234.1	179650	115751	115820	rrn16_Mpolymorpha_GeSeq-SRS_v1	1496	1427	1496	1	69,	115751,	1427,
1472	19	0	0	0	0	0	0	+	OX359234.1	179650	114329	115820	rrn16_Ljaponicus_GeSeq-SRS_v1	1491	0	1491	1	1491,	114329,	0,
1056	25	0	0	0	0	0	0	+	OX359234.1	179650	114329	115410	rrn16_Hvulgare_GeSeq-SRS_v1	1491	0	1081	1	1081,	114329,	0,
291	16	0	0	0	0	0	0	+	OX359234.1	179650	115412	115719	rrn16_Hvulgare_GeSeq-SRS_v1	1491	1082	1389	1	307,	115412,	1082,
95	6	0	0	0	0	0	0	+	OX359234.1	179650	115719	115820	rrn16_Hvulgare_GeSeq-SRS_v1	1491	1390	1491	1	101,	115719,	1390,
1488	3	0	0	0	0	0	0	+	OX359234.1	179650	114329	115820	rrn16_Hbrasiliensis_GeSeq-SRS_v1	1491	0	1491	1	1491,	114329,	0,
1472	19	0	0	0	0	0	0	+	OX359234.1	179650	114329	115820	rrn16_Gmax_GeSeq-SRS_v1	1491	0	1491	1	1491,	114329,	0,
1457	34	0	0	0	0	0	0	+	OX359234.1	179650	114329	115820	rrn16_Gbiloba_GeSeq-SRS_v1	1491	0	1491	1	1491,	114329,	0,
1476	15	0	0	0	0	0	0	+	OX359234.1	179650	114329	115820	rrn16_Eguineensis_GeSeq-SRS_v1	1491	0	1491	1	1491,	114329,	0,
1057	24	0	0	0	0	0	0	+	OX359234.1	179650	114329	115410	rrn16_Bdistachyon_GeSeq-SRS_v1	1491	0	1081	1	1081,	114329,	0,
291	16	0	0	0	0	0	0	+	OX359234.1	179650	115412	115719	rrn16_Bdistachyon_GeSeq-SRS_v1	1491	1082	1389	1	307,	115412,	1082,
95	6	0	0	0	0	0	0	+	OX359234.1	179650	115719	115820	rrn16_Bdistachyon_GeSeq-SRS_v1	1491	1390	1491	1	101,	115719,	1390,
1482	9	0	0	0	0	0	0	+	OX359234.1	179650	114329	115820	rrn16_Athaliana_GeSeq-SRS_v1	1491	0	1491	1	1491,	114329,	0,
72	2	0	0	0	0	0	0	+	OX359234.1	179650	114329	114403	rrn16_Aformosae_GeSeq-SRS_v1	1499	0	74	1	74,	114329,	0,
1362	55	0	0	0	0	0	0	+	OX359234.1	179650	114403	115820	rrn16_Aformosae_GeSeq-SRS_v1	1499	82	1499	1	1417,	114403,	82,
69	3	0	0	0	0	0	0	+	OX359234.1	179650	114329	114401	rrn16_Acapillus-veneris_GeSeq-SRS_v1	1500	0	72	1	72,	114329,	0,
103	6	0	0	0	0	0	0	+	OX359234.1	179650	114402	114511	rrn16_Acapillus-veneris_GeSeq-SRS_v1	1500	81	190	1	109,	114402,	81,
1223	86	0	0	0	0	0	0	+	OX359234.1	179650	114511	115820	rrn16_Acapillus-veneris_GeSeq-SRS_v1	1500	191	1500	1	1309,	114511,	191,
73	0	0	0	0	0	0	0	+	OX359234.1	179650	114329	114402	rrn16_Abelladonna_GeSeq-SRS_v1	1500	0	73	1	73,	114329,	0,
1407	8	0	0	0	0	0	0	+	OX359234.1	179650	114405	115820	rrn16_Abelladonna_GeSeq-SRS_v1	1500	85	1500	1	1415,	114405,	85,
73	0	0	0	0	0	0	0	+	OX359234.1	179650	63549	63622	trnM-CAU_STARTREF_NC_049111.1.genbank_ENDREF_STARTCMD_trna_ENDCMD_STARTKEY_100_ENDKEY	73	0	73	1	73,	63549,	0,
69	4	0	0	0	0	0	0	+	OX359234.1	179650	63549	63622	trnM-CAU_STARTREF_NC_015141.1.genbank_ENDREF_STARTCMD_trna_ENDCMD_STARTKEY_33_ENDKEY	73	0	73	1	73,	63549,	0,
70	3	0	0	0	0	0	0	+	OX359234.1	179650	63549	63622	trnM-CAT_STARTREF_NC_045136.1.genbank_ENDREF_STARTCMD_trna_ENDCMD_STARTKEY_191_ENDKEY	73	0	73	1	73,	63549,	0,
72	1	0	0	0	0	0	0	+	OX359234.1	179650	59965	60038	trnF-GAA_STARTREF_NC_049111.1.genbank_ENDREF_STARTCMD_trna_ENDCMD_STARTKEY_90_ENDKEY	73	0	73	1	73,	59965,	0,
86	1	0	0	0	0	0	0	+	OX359234.1	179650	57064	57151	trnS-GGA_STARTREF_NC_049111.1.genbank_ENDREF_STARTCMD_trna_ENDCMD_STARTKEY_82_ENDKEY	87	0	87	1	87,	57064,	0,
85	2	0	0	0	0	0	0	+	OX359234.1	179650	57064	57151	trnS-GGA_STARTREF_NC_015141.1.genbank_ENDREF_STARTCMD_trna_ENDCMD_STARTKEY_201_ENDKEY	87	0	87	1	87,	57064,	0,
85	0	0	0	1	559	0	0	+	OX359234.1	179650	59012	59656	trnL-UAA_STARTREF_NC_049111.1.genbank_ENDREF_STARTCMD_trna_ENDCMD_STARTKEY_88_ENDKEY	85	0	85	2	35,50,	59012,59606,	0,35,
70	0	0	0	0	0	0	0	+	OX359234.1	179650	48547	48617	trnG-GCC_STARTREF_NC_049111.1.genbank_ENDREF_STARTCMD_trna_ENDCMD_STARTKEY_70_ENDKEY	71	0	70	1	70,	48547,	0,
72	0	0	0	0	0	0	0	+	OX359234.1	179650	42647	42719	trnT-GGU_STARTREF_NC_049111.1.genbank_ENDREF_STARTCMD_trna_ENDCMD_STARTKEY_59_ENDKEY	72	0	72	1	72,	42647,	0,
71	0	0	0	0	0	0	0	+	OX359234.1	179650	37639	37710	trnC-GCA_STARTREF_NC_049111.1.genbank_ENDREF_STARTCMD_trna_ENDCMD_STARTKEY_46_ENDKEY	71	0	71	1	71,	37639,	0,
70	2	0	0	0	0	0	0	+	OX359234.1	179650	18896	18968	trnR-UCU_STARTREF_NC_049111.1.genbank_ENDREF_STARTCMD_trna_ENDCMD_STARTKEY_27_ENDKEY	72	0	72	1	72,	18896,	0,
71	0	0	0	1	721	0	0	+	OX359234.1	179650	17189	17981	trnG-UCC_STARTREF_NC_049111.1.genbank_ENDREF_STARTCMD_trna_ENDCMD_STARTKEY_25_ENDKEY	71	0	71	2	23,48,	17189,17933,	0,23,
74	0	0	0	0	0	0	0	+	OX359234.1	179650	174292	174366	trnI-CAU_STARTREF_NC_049111.1.genbank_ENDREF_STARTCMD_trna_ENDCMD_STARTKEY_276_ENDKEY	74	0	74	1	74,	174292,	0,
74	0	0	0	0	0	0	0	+	OX359234.1	179650	167105	167179	trnI-CAU_STARTREF_NC_049111.1.genbank_ENDREF_STARTCMD_trna_ENDCMD_STARTKEY_276_ENDKEY	74	0	74	1	74,	167105,	0,
74	0	0	0	0	0	0	0	+	OX359234.1	179650	4642	4716	trnI-CAU_STARTREF_NC_049111.1.genbank_ENDREF_STARTCMD_trna_ENDCMD_STARTKEY_276_ENDKEY	74	0	74	1	74,	4642,	0,
74	0	0	0	0	0	0	0	+	OX359234.1	179650	174292	174366	trnI-CAU_STARTREF_NC_049111.1.genbank_ENDREF_STARTCMD_trna_ENDCMD_STARTKEY_191_ENDKEY	74	0	74	1	74,	174292,	0,
74	0	0	0	0	0	0	0	+	OX359234.1	179650	167105	167179	trnI-CAU_STARTREF_NC_049111.1.genbank_ENDREF_STARTCMD_trna_ENDCMD_STARTKEY_191_ENDKEY	74	0	74	1	74,	167105,	0,
74	0	0	0	0	0	0	0	+	OX359234.1	179650	4642	4716	trnI-CAU_STARTREF_NC_049111.1.genbank_ENDREF_STARTCMD_trna_ENDCMD_STARTKEY_191_ENDKEY	74	0	74	1	74,	4642,	0,
72	0	0	0	0	0	0	0	-	OX359234.1	179650	14682	14754	trnQ-UUG_STARTREF_NC_049111.1.genbank_ENDREF_STARTCMD_trna_ENDCMD_STARTKEY_16_ENDKEY	72	0	72	1	72,	164896,	0,
83	1	0	0	0	0	0	0	-	OX359234.1	179650	40976	41060	trnY-GUA_STARTREF_NC_049111.1.genbank_ENDREF_STARTCMD_trna_ENDCMD_STARTKEY_55_ENDKEY	84	0	84	1	84,	138590,	0,
72	1	0	0	0	0	0	0	-	OX359234.1	179650	41119	41192	trnE-UUC_STARTREF_NC_049111.1.genbank_ENDREF_STARTCMD_trna_ENDCMD_STARTKEY_57_ENDKEY	73	0	73	1	73,	138458,	0,
73	1	0	0	0	0	0	0	-	OX359234.1	179650	40420	40494	trnD-GUC_STARTREF_NC_049111.1.genbank_ENDREF_STARTCMD_trna_ENDCMD_STARTKEY_53_ENDKEY	74	0	74	1	74,	139156,	0,
73	1	0	0	0	0	0	0	-	OX359234.1	179650	40420	40494	trnD-GUC_STARTREF_NC_015141.1.genbank_ENDREF_STARTCMD_trna_ENDCMD_STARTKEY_159_ENDKEY	74	0	74	1	74,	139156,	0,
85	5	0	0	0	0	0	0	-	OX359234.1	179650	47031	47121	trnS-UGA_STARTREF_NC_049111.1.genbank_ENDREF_STARTCMD_trna_ENDCMD_STARTKEY_66_ENDKEY	90	0	90	1	90,	132529,	0,
85	3	0	0	0	0	0	0	-	OX359234.1	179650	16045	16133	trnS-GCU_STARTREF_NC_049111.1.genbank_ENDREF_STARTCMD_trna_ENDCMD_STARTKEY_23_ENDKEY	88	0	88	1	88,	163517,	0,
73	0	0	0	0	0	0	0	-	OX359234.1	179650	58460	58533	trnT-UGU_STARTREF_NC_049111.1.genbank_ENDREF_STARTCMD_trna_ENDCMD_STARTKEY_86_ENDKEY	73	0	73	1	73,	121117,	0,
74	0	0	0	1	590	0	0	-	OX359234.1	179650	62699	63363	trnV-UAC_STARTREF_NC_049111.1.genbank_ENDREF_STARTCMD_trna_ENDCMD_STARTKEY_98_ENDKEY	74	0	74	2	37,37,	116287,116914,	0,37,
62	1	0	0	0	0	0	0	-	OX359234.1	179650	48830	48893	trnfM-CAU_STARTREF_NC_049111.1.genbank_ENDREF_STARTCMD_trna_ENDCMD_STARTKEY_72_ENDKEY	74	0	63	1	63,	130757,	0,
69	1	0	0	0	0	0	0	-	OX359234.1	179650	78720	78790	trnW-CCA_STARTREF_NC_049111.1.genbank_ENDREF_STARTCMD_trna_ENDCMD_STARTKEY_134_ENDKEY	74	0	70	1	70,	100860,	0,
72	1	0	0	0	0	0	0	-	OX359234.1	179650	78716	78789	trnW-CCA_STARTREF_NC_045136.1.genbank_ENDREF_STARTCMD_trna_ENDCMD_STARTKEY_105_ENDKEY	74	1	74	1	73,	100861,	1,
72	1	0	0	0	0	0	0	-	OX359234.1	179650	78716	78789	trnW-CCA_STARTREF_NC_015141.1.genbank_ENDREF_STARTCMD_trna_ENDCMD_STARTKEY_35_ENDKEY	74	1	74	1	73,	100861,	1,
73	1	0	0	0	0	0	0	-	OX359234.1	179650	78993	79067	trnP-UGG_STARTREF_NC_049111.1.genbank_ENDREF_STARTCMD_trna_ENDCMD_STARTKEY_136_ENDKEY	74	0	74	1	74,	100583,	0,
71	3	0	0	0	0	0	0	-	OX359234.1	179650	78993	79067	trnP-UGG_STARTREF_NC_015141.1.genbank_ENDREF_STARTCMD_trna_ENDCMD_STARTKEY_37_ENDKEY	74	0	74	1	74,	100583,	0,
74	0	0	0	0	0	0	0	-	OX359234.1	179650	99527	99601	trnI-CAU_STARTREF_NC_049111.1.genbank_ENDREF_STARTCMD_trna_ENDCMD_STARTKEY_276_ENDKEY	74	0	74	1	74,	80049,	0,
74	0	0	0	0	0	0	0	-	OX359234.1	179650	99527	99601	trnI-CAU_STARTREF_NC_049111.1.genbank_ENDREF_STARTCMD_trna_ENDCMD_STARTKEY_191_ENDKEY	74	0	74	1	74,	80049,	0,
81	0	0	0	0	0	0	0	-	OX359234.1	179650	107571	107652	trnL-CAA_STARTREF_NC_049111.1.genbank_ENDREF_STARTCMD_trna_ENDCMD_STARTKEY_272_ENDKEY	81	0	81	1	81,	71998,	0,
81	0	0	0	0	0	0	0	-	OX359234.1	179650	107571	107652	trnL-CAA_STARTREF_NC_049111.1.genbank_ENDREF_STARTCMD_trna_ENDCMD_STARTKEY_195_ENDKEY	81	0	81	1	81,	71998,	0,
71	1	0	0	0	0	0	0	-	OX359234.1	179650	122480	122552	trnN-GUU_STARTREF_NC_049111.1.genbank_ENDREF_STARTCMD_trna_ENDCMD_STARTKEY_249_ENDKEY	72	0	72	1	72,	57098,	0,
71	1	0	0	0	0	0	0	-	OX359234.1	179650	122480	122552	trnN-GUU_STARTREF_NC_049111.1.genbank_ENDREF_STARTCMD_trna_ENDCMD_STARTKEY_218_ENDKEY	72	0	72	1	72,	57098,	0,
71	1	0	0	0	0	0	0	-	OX359234.1	179650	122480	122552	trnN-GUU_STARTREF_NC_015141.1.genbank_ENDREF_STARTCMD_trna_ENDCMD_STARTKEY_179_ENDKEY	72	0	72	1	72,	57098,	0,
70	1	0	0	1	1	0	0	-	OX359234.1	179650	122480	122552	trnN-GTT_STARTREF_NC_045136.1.genbank_ENDREF_STARTCMD_trna_ENDCMD_STARTKEY_112_ENDKEY	71	0	71	2	12,59,	57098,57111,	0,12,
74	0	0	0	0	0	0	0	-	OX359234.1	179650	144793	144867	trnR-ACG_STARTREF_NC_049111.1.genbank_ENDREF_STARTCMD_trna_ENDCMD_STARTKEY_251_ENDKEY	74	0	74	1	74,	34783,	0,
74	0	0	0	0	0	0	0	-	OX359234.1	179650	144793	144867	trnR-ACG_STARTREF_NC_049111.1.genbank_ENDREF_STARTCMD_trna_ENDCMD_STARTKEY_216_ENDKEY	74	0	74	1	74,	34783,	0,
116	5	0	0	0	0	0	0	-	OX359234.1	179650	145104	145225	rrn5_Zmays_GeSeq-SRS_v1	121	0	121	1	121,	34425,	0,
120	1	0	0	0	0	0	0	-	OX359234.1	179650	145104	145225	rrn5_Vvinifera_GeSeq-SRS_v1	121	0	121	1	121,	34425,	0,
120	1	0	0	0	0	0	0	-	OX359234.1	179650	145104	145225	rrn5_Stuberosum_GeSeq-SRS_v1	121	0	121	1	121,	34425,	0,
120	1	0	0	0	0	0	0	-	OX359234.1	179650	145104	145225	rrn5_Soleracea_GeSeq-SRS_v1	121	0	121	1	121,	34425,	0,
120	1	0	0	0	0	0	0	-	OX359234.1	179650	145104	145225	rrn5_Slycopersicum_GeSeq-SRS_v1	121	0	121	1	121,	34425,	0,
116	5	0	0	0	0	0	0	-	OX359234.1	179650	145104	145225	rrn5_Shybrid_GeSeq-SRS_v1	121	0	121	1	121,	34425,	0,
109	12	0	0	0	0	0	0	-	OX359234.1	179650	145104	145225	rrn5_Selaginella	121	0	121	1	121,	34425,	0,
116	5	0	0	0	0	0	0	-	OX359234.1	179650	145104	145225	rrn5_Sbicolor_GeSeq-SRS_v1	121	0	121	1	121,	34425,	0,
120	1	0	0	0	0	0	0	-	OX359234.1	179650	145104	145225	rrn5_STARTREF_NC_049111.1.genbank_ENDREF_STARTCMD_rrna_ENDCMD_STARTKEY_253_ENDKEY	121	0	121	1	121,	34425,	0,
120	1	0	0	0	0	0	0	-	OX359234.1	179650	145104	145225	rrn5_STARTREF_NC_049111.1.genbank_ENDREF_STARTCMD_rrna_ENDCMD_STARTKEY_214_ENDKEY	121	0	121	1	121,	34425,	0,
121	0	0	0	0	0	0	0	-	OX359234.1	179650	145104	145225	rrn5_Rcommunis_GeSeq-SRS_v1	121	0	121	1	121,	34425,	0,
121	0	0	0	0	0	0	0	-	OX359234.1	179650	145104	145225	rrn5_Ptrichocarpa_GeSeq-SRS_v1	121	0	121	1	121,	34425,	0,
112	8	0	0	0	0	0	0	-	OX359234.1	179650	145104	145224	rrn5_Pthunbergii_GeSeq-SRS_v1	121	1	121	1	120,	34426,	1,
117	4	0	0	0	0	0	0	-	OX359234.1	179650	145104	145225	rrn5_Psativum_GeSeq-SRS_v1	121	0	121	1	121,	34425,	0,
118	3	0	0	0	0	0	0	-	OX359234.1	179650	145104	145225	rrn5_Paphrodite_GeSeq-SRS_v1	121	0	121	1	121,	34425,	0,
116	5	0	0	0	0	0	0	-	OX359234.1	179650	145104	145225	rrn5_Osativaja_GeSeq-SRS_v1	121	0	121	1	121,	34425,	0,
120	1	0	0	0	0	0	0	-	OX359234.1	179650	145104	145225	rrn5_Oenothera	121	0	121	1	121,	34425,	0,
120	1	0	0	0	0	0	0	-	OX359234.1	179650	145104	145225	rrn5_Nundulata_GeSeq-SRS_v1	121	0	121	1	121,	34425,	0,
120	1	0	0	0	0	0	0	-	OX359234.1	179650	145104	145225	rrn5_Ntomentosiformis_GeSeq-SRS_v1	121	0	121	1	121,	34425,	0,
120	1	0	0	0	0	0	0	-	OX359234.1	179650	145104	145225	rrn5_Ntabacum_GeSeq-SRS_v1	121	0	121	1	121,	34425,	0,
120	1	0	0	0	0	0	0	-	OX359234.1	179650	145104	145225	rrn5_Nsylvestris_GeSeq-SRS_v1	121	0	121	1	121,	34425,	0,
117	4	0	0	0	0	0	0	-	OX359234.1	179650	145104	145225	rrn5_Mtruncatula_GeSeq-SRS_v1	121	0	121	1	121,	34425,	0,
109	10	0	0	0	0	0	0	-	OX359234.1	179650	145104	145223	rrn5_Mpolymorpha_GeSeq-SRS_v1	119	0	119	1	119,	34427,	0,
119	2	0	0	0	0	0	0	-	OX359234.1	179650	145104	145225	rrn5_Ljaponicus_GeSeq-SRS_v1	121	0	121	1	121,	34425,	0,
116	5	0	0	0	0	0	0	-	OX359234.1	179650	145104	145225	rrn5_Hvulgare_GeSeq-SRS_v1	121	0	121	1	121,	34425,	0,
121	0	0	0	0	0	0	0	-	OX359234.1	179650	145104	145225	rrn5_Hevea	121	0	121	1	121,	34425,	0,
119	2	0	0	0	0	0	0	-	OX359234.1	179650	145104	145225	rrn5_Gmax_GeSeq-SRS_v1	121	0	121	1	121,	34425,	0,
113	6	0	0	0	0	0	0	-	OX359234.1	179650	145104	145223	rrn5_Gbiloba_GeSeq-SRS_v1	119	0	119	1	119,	34427,	0,
119	2	0	0	0	0	0	0	-	OX359234.1	179650	145104	145225	rrn5_Eguineensis_GeSeq-SRS_v1	121	0	121	1	121,	34425,	0,
116	5	0	0	0	0	0	0	-	OX359234.1	179650	145104	145225	rrn5_Bdistachyon_GeSeq-SRS_v1	121	0	121	1	121,	34425,	0,
119	2	0	0	0	0	0	0	-	OX359234.1	179650	145104	145225	rrn5_Athaliana_GeSeq-SRS_v1	121	0	121	1	121,	34425,	0,
108	11	0	0	0	0	0	0	-	OX359234.1	179650	145104	145223	rrn5_Anthoceros	119	0	119	1	119,	34427,	0,
108	13	0	0	0	0	0	0	-	OX359234.1	179650	145104	145225	rrn5_Acapillus-veneris_GeSeq-SRS_v1	121	0	121	1	121,	34425,	0,
120	1	0	0	0	0	0	0	-	OX359234.1	179650	145104	145225	rrn5_Abelladonna_GeSeq-SRS_v1	121	0	121	1	121,	34425,	0,
73	0	0	0	1	809	0	0	-	OX359234.1	179650	148617	149499	trnA-UGC_STARTREF_NC_049111.1.genbank_ENDREF_STARTCMD_trna_ENDCMD_STARTKEY_259_ENDKEY	73	0	73	2	38,35,	30151,30998,	0,38,
73	0	0	0	1	809	0	0	-	OX359234.1	179650	148617	149499	trnA-UGC_STARTREF_NC_049111.1.genbank_ENDREF_STARTCMD_trna_ENDCMD_STARTKEY_208_ENDKEY	73	0	73	2	38,35,	30151,30998,	0,38,
101	2	0	0	0	0	0	0	-	OX359234.1	179650	145448	145551	rrn4.5_Vvinifera_GeSeq-SRS_v1	103	0	103	1	103,	34099,	0,
101	2	0	0	0	0	0	0	-	OX359234.1	179650	145448	145551	rrn4.5_Stuberosum_GeSeq-SRS_v1	103	0	103	1	103,	34099,	0,
98	5	0	0	0	0	0	0	-	OX359234.1	179650	145448	145551	rrn4.5_Soleracea_GeSeq-SRS_v1	103	0	103	1	103,	34099,	0,
101	2	0	0	0	0	0	0	-	OX359234.1	179650	145448	145551	rrn4.5_Slycopersicum_GeSeq-SRS_v1	103	0	103	1	103,	34099,	0,
101	2	0	0	0	0	0	0	-	OX359234.1	179650	145448	145551	rrn4.5_STARTREF_NC_049111.1.genbank_ENDREF_STARTCMD_rrna_ENDCMD_STARTKEY_255_ENDKEY	103	0	103	1	103,	34099,	0,
101	2	0	0	0	0	0	0	-	OX359234.1	179650	145448	145551	rrn4.5_STARTREF_NC_049111.1.genbank_ENDREF_STARTCMD_rrna_ENDCMD_STARTKEY_212_ENDKEY	103	0	103	1	103,	34099,	0,
101	2	0	0	0	0	0	0	-	OX359234.1	179650	145448	145551	rrn4.5_Rcommunis_GeSeq-SRS_v1	103	0	103	1	103,	34099,	0,
101	2	0	0	0	0	0	0	-	OX359234.1	179650	145448	145551	rrn4.5_Ptrichocarpa_GeSeq-SRS_v1	103	0	103	1	103,	34099,	0,
86	4	0	0	0	0	0	0	-	OX359234.1	179650	145460	145550	rrn4.5_Pthunbergii_GeSeq-SRS_v1	103	1	91	1	90,	34100,	1,
67	4	0	0	0	0	0	0	-	OX359234.1	179650	145448	145519	rrn4.5_Psativum_GeSeq-SRS_v1	104	33	104	1	71,	34131,	33,
88	2	0	0	0	0	0	0	-	OX359234.1	179650	145460	145550	rrn4.5_Paphrodite_GeSeq-SRS_v1	103	1	91	1	90,	34100,	1,
100	3	0	0	0	0	0	0	-	OX359234.1	179650	145448	145551	rrn4.5_Oelata_GeSeq-SRS_v1	103	0	103	1	103,	34099,	0,
101	2	0	0	0	0	0	0	-	OX359234.1	179650	145448	145551	rrn4.5_Nundulata_GeSeq-SRS_v1	103	0	103	1	103,	34099,	0,
101	2	0	0	0	0	0	0	-	OX359234.1	179650	145448	145551	rrn4.5_Ntomentosiformis_GeSeq-SRS_v1	103	0	103	1	103,	34099,	0,
101	2	0	0	0	0	0	0	-	OX359234.1	179650	145448	145551	rrn4.5_Ntabacum_GeSeq-SRS_v1	103	0	103	1	103,	34099,	0,
101	2	0	0	0	0	0	0	-	OX359234.1	179650	145448	145551	rrn4.5_Nsylvestris_GeSeq-SRS_v1	103	0	103	1	103,	34099,	0,
69	2	0	0	0	0	0	0	-	OX359234.1	179650	145448	145519	rrn4.5_Mtruncatula_GeSeq-SRS_v1	104	33	104	1	71,	34131,	33,
82	8	0	0	0	0	0	0	-	OX359234.1	179650	145460	145550	rrn4.5_Mpolymorpha_GeSeq-SRS_v1	103	1	91	1	90,	34100,	1,
70	1	0	0	0	0	0	0	-	OX359234.1	179650	145448	145519	rrn4.5_Ljaponicus_GeSeq-SRS_v1	104	33	104	1	71,	34131,	33,
101	2	0	0	0	0	0	0	-	OX359234.1	179650	145448	145551	rrn4.5_Hbrasiliensis_GeSeq-SRS_v1	103	0	103	1	103,	34099,	0,
68	1	0	0	0	0	0	0	-	OX359234.1	179650	145448	145517	rrn4.5_Gmax_GeSeq-SRS_v1	104	35	104	1	69,	34133,	35,
87	3	0	0	0	0	0	0	-	OX359234.1	179650	145460	145550	rrn4.5_Gbiloba_GeSeq-SRS_v1	103	1	91	1	90,	34100,	1,
88	2	0	0	0	0	0	0	-	OX359234.1	179650	145460	145550	rrn4.5_Eguineensis_GeSeq-SRS_v1	103	1	91	1	90,	34100,	1,
101	2	0	0	0	0	0	0	-	OX359234.1	179650	145448	145551	rrn4.5_Athaliana_GeSeq-SRS_v1	103	0	103	1	103,	34099,	0,
82	8	0	0	0	0	0	0	-	OX359234.1	179650	145460	145550	rrn4.5_Aformosae_GeSeq-SRS_v1	103	1	91	1	90,	34100,	1,
82	8	0	0	0	0	0	0	-	OX359234.1	179650	145460	145550	rrn4.5_Acapillus-veneris_GeSeq-SRS_v1	103	1	91	1	90,	34100,	1,
101	2	0	0	0	0	0	0	-	OX359234.1	179650	145448	145551	rrn4.5_Abelladonna_GeSeq-SRS_v1	103	0	103	1	103,	34099,	0,
51	2	0	0	0	0	0	0	-	OX359234.1	179650	148404	148457	rrn23_Zmays_GeSeq-SRS_v1	2884	0	53	1	53,	31193,	0,
79	5	0	0	0	0	0	0	-	OX359234.1	179650	148320	148404	rrn23_Zmays_GeSeq-SRS_v1	2884	54	138	1	84,	31246,	54,
376	16	0	0	1	1	0	0	-	OX359234.1	179650	147927	148320	rrn23_Zmays_GeSeq-SRS_v1	2884	139	531	2	227,165,	31330,31558,	139,366,
60	0	0	0	0	0	0	0	-	OX359234.1	179650	147837	147897	rrn23_Zmays_GeSeq-SRS_v1	2884	565	625	1	60,	31753,	565,
266	4	0	0	0	0	0	0	-	OX359234.1	179650	147567	147837	rrn23_Zmays_GeSeq-SRS_v1	2884	630	900	1	270,	31813,	630,
230	8	0	0	0	0	0	0	-	OX359234.1	179650	147322	147560	rrn23_Zmays_GeSeq-SRS_v1	2884	906	1144	1	238,	32090,	906,
386	23	0	0	0	0	0	0	-	OX359234.1	179650	146909	147318	rrn23_Zmays_GeSeq-SRS_v1	2884	1147	1556	1	409,	32332,	1147,
924	11	0	0	0	0	0	0	-	OX359234.1	179650	147522	148457	rrn23_Vvinifera_GeSeq-SRS_v1	2812	0	935	1	935,	31193,	0,
239	0	0	0	0	0	0	0	-	OX359234.1	179650	147264	147503	rrn23_Vvinifera_GeSeq-SRS_v1	2812	947	1186	1	239,	32147,	947,
59	0	0	0	0	0	0	0	-	OX359234.1	179650	147205	147264	rrn23_Vvinifera_GeSeq-SRS_v1	2812	1193	1252	1	59,	32386,	1193,
895	6	0	0	0	0	0	0	-	OX359234.1	179650	146303	147204	rrn23_Vvinifera_GeSeq-SRS_v1	2812	1255	2156	1	901,	32446,	1255,
307	5	0	0	0	0	0	0	-	OX359234.1	179650	148145	148457	rrn23_Stuberosum_GeSeq-SRS_v1	2810	0	312	1	312,	31193,	0,
234	2	0	0	0	0	0	0	-	OX359234.1	179650	147902	148138	rrn23_Stuberosum_GeSeq-SRS_v1	2810	320	556	1	236,	31512,	320,
1577	20	0	0	0	0	0	0	-	OX359234.1	179650	146303	147900	rrn23_Stuberosum_GeSeq-SRS_v1	2810	557	2154	1	1597,	31750,	557,
2107	48	0	0	1	1	0	0	-	OX359234.1	179650	146301	148457	rrn23_Soleracea_GeSeq-SRS_v1	2809	0	2155	2	1507,648,	31193,32701,	0,1507,
101	15	0	0	1	2	0	0	-	OX359234.1	179650	148339	148457	rrn23_Smoellendorffii_GeSeq-SRS_v1	2829	0	116	2	68,48,	31193,31263,	0,68,
118	14	0	0	0	0	0	0	-	OX359234.1	179650	148170	148302	rrn23_Smoellendorffii_GeSeq-SRS_v1	2829	155	287	1	132,	31348,	155,
232	25	0	0	0	0	0	0	-	OX359234.1	179650	147905	148162	rrn23_Smoellendorffii_GeSeq-SRS_v1	2829	298	555	1	257,	31488,	298,
89	5	0	0	0	0	0	0	-	OX359234.1	179650	147802	147896	rrn23_Smoellendorffii_GeSeq-SRS_v1	2829	565	659	1	94,	31754,	565,
189	9	0	0	0	0	0	0	-	OX359234.1	179650	147601	147799	rrn23_Smoellendorffii_GeSeq-SRS_v1	2829	663	861	1	198,	31851,	663,
71	5	0	0	0	0	0	0	-	OX359234.1	179650	147516	147592	rrn23_Smoellendorffii_GeSeq-SRS_v1	2829	871	947	1	76,	32058,	871,
222	13	0	0	0	0	0	0	-	OX359234.1	179650	147262	147497	rrn23_Smoellendorffii_GeSeq-SRS_v1	2829	969	1204	1	235,	32153,	969,
252	13	0	0	0	0	0	0	-	OX359234.1	179650	146961	147226	rrn23_Smoellendorffii_GeSeq-SRS_v1	2829	1248	1513	1	265,	32424,	1248,
594	36	0	0	0	0	0	0	-	OX359234.1	179650	146305	146935	rrn23_Smoellendorffii_GeSeq-SRS_v1	2829	1541	2171	1	630,	32715,	1541,
307	5	0	0	0	0	0	0	-	OX359234.1	179650	148145	148457	rrn23_Slycopersicum_GeSeq-SRS_v1	2810	0	312	1	312,	31193,	0,
234	2	0	0	0	0	0	0	-	OX359234.1	179650	147902	148138	rrn23_Slycopersicum_GeSeq-SRS_v1	2810	320	556	1	236,	31512,	320,
1577	20	0	0	0	0	0	0	-	OX359234.1	179650	146303	147900	rrn23_Slycopersicum_GeSeq-SRS_v1	2810	557	2154	1	1597,	31750,	557,
130	7	0	0	0	0	0	0	-	OX359234.1	179650	148320	148457	rrn23_Shybrid_GeSeq-SRS_v1	2888	0	137	1	137,	31193,	0,
380	13	0	0	0	0	0	0	-	OX359234.1	179650	147927	148320	rrn23_Shybrid_GeSeq-SRS_v1	2888	138	531	1	393,	31330,	138,
60	0	0	0	0	0	0	0	-	OX359234.1	179650	147837	147897	rrn23_Shybrid_GeSeq-SRS_v1	2888	565	625	1	60,	31753,	565,
895	33	0	0	0	0	0	0	-	OX359234.1	179650	146909	147837	rrn23_Shybrid_GeSeq-SRS_v1	2888	630	1558	1	928,	31813,	630,
171	2	0	0	0	0	0	0	-	OX359234.1	179650	146704	146877	rrn23_Shybrid_GeSeq-SRS_v1	2888	1659	1832	1	173,	32773,	1659,
399	4	0	0	0	0	0	0	-	OX359234.1	179650	146301	146704	rrn23_Shybrid_GeSeq-SRS_v1	2888	1833	2236	1	403,	32946,	1833,
130	7	0	0	0	0	0	0	-	OX359234.1	179650	148320	148457	rrn23_Sbicolor_GeSeq-SRS_v1	2888	0	137	1	137,	31193,	0,
380	13	0	0	0	0	0	0	-	OX359234.1	179650	147927	148320	rrn23_Sbicolor_GeSeq-SRS_v1	2888	138	531	1	393,	31330,	138,
60	0	0	0	0	0	0	0	-	OX359234.1	179650	147837	147897	rrn23_Sbicolor_GeSeq-SRS_v1	2888	565	625	1	60,	31753,	565,
895	33	0	0	0	0	0	0	-	OX359234.1	179650	146909	147837	rrn23_Sbicolor_GeSeq-SRS_v1	2888	630	1558	1	928,	31813,	630,
171	2	0	0	0	0	0	0	-	OX359234.1	179650	146704	146877	rrn23_Sbicolor_GeSeq-SRS_v1	2888	1659	1832	1	173,	32773,	1659,
399	4	0	0	0	0	0	0	-	OX359234.1	179650	146301	146704	rrn23_Sbicolor_GeSeq-SRS_v1	2888	1833	2236	1	403,	32946,	1833,
2141	15	0	0	0	0	0	0	-	OX359234.1	179650	146301	148457	rrn23_STARTREF_NC_049111.1.genbank_ENDREF_STARTCMD_rrna_ENDCMD_STARTKEY_257_ENDKEY	2808	0	2156	1	2156,	31193,	0,
2141	15	0	0	0	0	0	0	-	OX359234.1	179650	146301	148457	rrn23_STARTREF_NC_049111.1.genbank_ENDREF_STARTCMD_rrna_ENDCMD_STARTKEY_210_ENDKEY	2808	0	2156	1	2156,	31193,	0,
2149	7	0	0	0	0	0	0	-	OX359234.1	179650	146301	148457	rrn23_Rcommunis_GeSeq-SRS_v1	2810	0	2156	1	2156,	31193,	0,
2143	12	0	0	1	1	0	0	-	OX359234.1	179650	146301	148457	rrn23_Ptrichocarpa_GeSeq-SRS_v1	2809	0	2155	2	1224,931,	31193,32418,	0,1224,
646	2	0	0	0	0	0	0	-	OX359234.1	179650	145649	146297	rrn23_Ptrichocarpa_GeSeq-SRS_v1	2809	2161	2809	1	648,	33353,	2161,
273	11	0	0	0	0	0	0	-	OX359234.1	179650	148173	148457	rrn23_Pthunbergii_GeSeq-SRS_v1	2803	0	284	1	284,	31193,	0,
249	8	0	0	0	0	0	0	-	OX359234.1	179650	147905	148162	rrn23_Pthunbergii_GeSeq-SRS_v1	2803	297	554	1	257,	31488,	297,
296	4	0	0	0	0	0	0	-	OX359234.1	179650	147597	147897	rrn23_Pthunbergii_GeSeq-SRS_v1	2803	563	863	1	300,	31753,	563,
73	2	0	0	0	0	0	0	-	OX359234.1	179650	147522	147597	rrn23_Pthunbergii_GeSeq-SRS_v1	2803	864	939	1	75,	32053,	864,
522	15	0	0	1	6	0	0	-	OX359234.1	179650	146961	147504	rrn23_Pthunbergii_GeSeq-SRS_v1	2803	960	1497	2	7,530,	32146,32159,	960,967,
369	8	0	0	2	5	0	0	-	OX359234.1	179650	146566	146948	rrn23_Pthunbergii_GeSeq-SRS_v1	2803	1506	1883	3	243,130,4,	32702,32949,33080,	1506,1749,1879,
252	9	0	0	0	0	0	0	-	OX359234.1	179650	146305	146566	rrn23_Pthunbergii_GeSeq-SRS_v1	2803	1884	2145	1	261,	33084,	1884,
529	24	0	0	1	1	0	0	-	OX359234.1	179650	147903	148457	rrn23_Psativum_GeSeq-SRS_v1	2812	0	553	2	540,13,	31193,31734,	0,540,
376	8	0	0	0	0	0	0	-	OX359234.1	179650	147516	147900	rrn23_Psativum_GeSeq-SRS_v1	2812	555	939	1	384,	31750,	555,
43	0	0	0	0	0	0	0	-	OX359234.1	179650	147461	147504	rrn23_Psativum_GeSeq-SRS_v1	2812	944	987	1	43,	32146,	944,
477	17	0	0	0	0	0	0	-	OX359234.1	179650	146967	147461	rrn23_Psativum_GeSeq-SRS_v1	2812	988	1482	1	494,	32189,	988,
543	10	0	0	0	0	0	0	-	OX359234.1	179650	147904	148457	rrn23_Paphrodite_GeSeq-SRS_v1	2807	0	553	1	553,	31193,	0,
378	3	0	0	0	0	0	0	-	OX359234.1	179650	147516	147897	rrn23_Paphrodite_GeSeq-SRS_v1	2807	561	942	1	381,	31753,	561,
1187	19	0	0	0	0	0	0	-	OX359234.1	179650	146303	147509	rrn23_Paphrodite_GeSeq-SRS_v1	2807	945	2151	1	1206,	32141,	945,
129	8	0	0	0	0	0	0	-	OX359234.1	179650	148320	148457	rrn23_Osativaja_GeSeq-SRS_v1	2884	0	137	1	137,	31193,	0,
380	13	0	0	0	0	0	0	-	OX359234.1	179650	147927	148320	rrn23_Osativaja_GeSeq-SRS_v1	2884	138	531	1	393,	31330,	138,
60	0	0	0	0	0	0	0	-	OX359234.1	179650	147837	147897	rrn23_Osativaja_GeSeq-SRS_v1	2884	565	625	1	60,	31753,	565,
896	32	0	0	0	0	0	0	-	OX359234.1	179650	146909	147837	rrn23_Osativaja_GeSeq-SRS_v1	2884	630	1558	1	928,	31813,	630,
934	15	0	0	0	0	0	0	-	OX359234.1	179650	147508	148457	rrn23_Oelata_GeSeq-SRS_v1	2835	0	949	1	949,	31193,	0,
1187	14	0	0	0	0	0	0	-	OX359234.1	179650	146303	147504	rrn23_Oelata_GeSeq-SRS_v1	2835	978	2179	1	1201,	32146,	978,
307	5	0	0	0	0	0	0	-	OX359234.1	179650	148145	148457	rrn23_Nundulata_GeSeq-SRS_v1	2810	0	312	1	312,	31193,	0,
233	3	0	0	0	0	0	0	-	OX359234.1	179650	147902	148138	rrn23_Nundulata_GeSeq-SRS_v1	2810	320	556	1	236,	31512,	320,
1576	21	0	0	0	0	0	0	-	OX359234.1	179650	146303	147900	rrn23_Nundulata_GeSeq-SRS_v1	2810	557	2154	1	1597,	31750,	557,
306	6	0	0	0	0	0	0	-	OX359234.1	179650	148145	148457	rrn23_Ntomentosiformis_GeSeq-SRS_v1	2810	0	312	1	312,	31193,	0,
233	3	0	0	0	0	0	0	-	OX359234.1	179650	147902	148138	rrn23_Ntomentosiformis_GeSeq-SRS_v1	2810	320	556	1	236,	31512,	320,
1577	20	0	0	0	0	0	0	-	OX359234.1	179650	146303	147900	rrn23_Ntomentosiformis_GeSeq-SRS_v1	2810	557	2154	1	1597,	31750,	557,
307	5	0	0	0	0	0	0	-	OX359234.1	179650	148145	148457	rrn23_Ntabacum_GeSeq-SRS_v1	2810	0	312	1	312,	31193,	0,
233	3	0	0	0	0	0	0	-	OX359234.1	179650	147902	148138	rrn23_Ntabacum_GeSeq-SRS_v1	2810	320	556	1	236,	31512,	320,
1576	21	0	0	0	0	0	0	-	OX359234.1	179650	146303	147900	rrn23_Ntabacum_GeSeq-SRS_v1	2810	557	2154	1	1597,	31750,	557,
307	5	0	0	0	0	0	0	-	OX359234.1	179650	148145	148457	rrn23_Nsylvestris_GeSeq-SRS_v1	2810	0	312	1	312,	31193,	0,
233	3	0	0	0	0	0	0	-	OX359234.1	179650	147902	148138	rrn23_Nsylvestris_GeSeq-SRS_v1	2810	320	556	1	236,	31512,	320,
1576	21	0	0	0	0	0	0	-	OX359234.1	179650	146303	147900	rrn23_Nsylvestris_GeSeq-SRS_v1	2810	557	2154	1	1597,	31750,	557,
530	24	0	0	0	0	0	0	-	OX359234.1	179650	147903	148457	rrn23_Mtruncatula_GeSeq-SRS_v1	2796	0	554	1	554,	31193,	0,
374	6	0	0	0	0	0	0	-	OX359234.1	179650	147520	147900	rrn23_Mtruncatula_GeSeq-SRS_v1	2796	556	936	1	380,	31750,	556,
525	11	0	0	1	1	0	0	-	OX359234.1	179650	146967	147504	rrn23_Mtruncatula_GeSeq-SRS_v1	2796	943	1479	2	7,529,	32146,32154,	943,950,
636	16	0	0	0	0	0	0	-	OX359234.1	179650	146303	146955	rrn23_Mtruncatula_GeSeq-SRS_v1	2796	1492	2144	1	652,	32695,	1492,
520	32	0	0	1	1	0	0	-	OX359234.1	179650	147904	148457	rrn23_Mpolymorpha_GeSeq-SRS_v1	2811	0	552	2	270,282,	31193,31464,	0,270,
295	5	0	0	0	0	0	0	-	OX359234.1	179650	147597	147897	rrn23_Mpolymorpha_GeSeq-SRS_v1	2811	560	860	1	300,	31753,	560,
72	1	0	0	0	0	0	0	-	OX359234.1	179650	147524	147597	rrn23_Mpolymorpha_GeSeq-SRS_v1	2811	861	934	1	73,	32053,	861,
261	17	0	0	0	0	0	0	-	OX359234.1	179650	147219	147497	rrn23_Mpolymorpha_GeSeq-SRS_v1	2811	962	1240	1	278,	32153,	962,
242	4	0	0	1	1	0	0	-	OX359234.1	179650	146965	147212	rrn23_Mpolymorpha_GeSeq-SRS_v1	2811	1246	1492	2	205,41,	32438,32644,	1246,1451,
545	11	0	0	0	0	0	0	-	OX359234.1	179650	147901	148457	rrn23_Ljaponicus_GeSeq-SRS_v1	2816	0	556	1	556,	31193,	0,
1052	20	0	0	0	0	0	0	-	OX359234.1	179650	146828	147900	rrn23_Ljaponicus_GeSeq-SRS_v1	2816	562	1634	1	1072,	31750,	562,
522	3	0	0	0	0	0	0	-	OX359234.1	179650	146303	146828	rrn23_Ljaponicus_GeSeq-SRS_v1	2816	1635	2160	1	525,	32822,	1635,
131	6	0	0	0	0	0	0	-	OX359234.1	179650	148320	148457	rrn23_Hvulgare_GeSeq-SRS_v1	2888	0	137	1	137,	31193,	0,
379	14	0	0	0	0	0	0	-	OX359234.1	179650	147927	148320	rrn23_Hvulgare_GeSeq-SRS_v1	2888	138	531	1	393,	31330,	138,
60	0	0	0	0	0	0	0	-	OX359234.1	179650	147837	147897	rrn23_Hvulgare_GeSeq-SRS_v1	2888	565	625	1	60,	31753,	565,
895	33	0	0	0	0	0	0	-	OX359234.1	179650	146909	147837	rrn23_Hvulgare_GeSeq-SRS_v1	2888	630	1558	1	928,	31813,	630,
171	2	0	0	0	0	0	0	-	OX359234.1	179650	146704	146877	rrn23_Hvulgare_GeSeq-SRS_v1	2888	1659	1832	1	173,	32773,	1659,
400	3	0	0	0	0	0	0	-	OX359234.1	179650	146301	146704	rrn23_Hvulgare_GeSeq-SRS_v1	2888	1833	2236	1	403,	32946,	1833,
2145	11	0	0	0	0	0	0	-	OX359234.1	179650	146301	148457	rrn23_Hbrasiliensis_GeSeq-SRS_v1	2810	0	2156	1	2156,	31193,	0,
648	0	0	0	0	0	0	0	-	OX359234.1	179650	145649	146297	rrn23_Hbrasiliensis_GeSeq-SRS_v1	2810	2162	2810	1	648,	33353,	2162,
113	3	0	0	0	0	0	0	-	OX359234.1	179650	148341	148457	rrn23_Gmax_GeSeq-SRS_v1	2814	0	116	1	116,	31193,	0,
190	6	0	0	0	0	0	0	-	OX359234.1	179650	148145	148341	rrn23_Gmax_GeSeq-SRS_v1	2814	117	313	1	196,	31309,	117,
232	2	0	0	0	0	0	0	-	OX359234.1	179650	147904	148138	rrn23_Gmax_GeSeq-SRS_v1	2814	322	556	1	234,	31512,	322,
1562	32	0	0	0	0	0	0	-	OX359234.1	179650	146303	147897	rrn23_Gmax_GeSeq-SRS_v1	2814	564	2158	1	1594,	31753,	564,
256	10	0	0	0	0	0	0	-	OX359234.1	179650	148191	148457	rrn23_Gbiloba_GeSeq-SRS_v1	2814	0	266	1	266,	31193,	0,
275	12	0	0	0	0	0	0	-	OX359234.1	179650	147904	148191	rrn23_Gbiloba_GeSeq-SRS_v1	2814	267	554	1	287,	31459,	267,
296	4	0	0	0	0	0	0	-	OX359234.1	179650	147597	147897	rrn23_Gbiloba_GeSeq-SRS_v1	2814	562	862	1	300,	31753,	562,
623	18	0	0	0	0	0	0	-	OX359234.1	179650	146956	147597	rrn23_Gbiloba_GeSeq-SRS_v1	2814	863	1504	1	641,	32053,	863,
625	21	0	0	0	0	0	0	-	OX359234.1	179650	146303	146949	rrn23_Gbiloba_GeSeq-SRS_v1	2814	1512	2158	1	646,	32701,	1512,
545	8	0	0	0	0	0	0	-	OX359234.1	179650	147904	148457	rrn23_Eguineensis_GeSeq-SRS_v1	2811	0	553	1	553,	31193,	0,
1578	16	0	0	0	0	0	0	-	OX359234.1	179650	146303	147897	rrn23_Eguineensis_GeSeq-SRS_v1	2811	561	2155	1	1594,	31753,	561,
131	6	0	0	0	0	0	0	-	OX359234.1	179650	148320	148457	rrn23_Bdistachyon_GeSeq-SRS_v1	2888	0	137	1	137,	31193,	0,
380	13	0	0	0	0	0	0	-	OX359234.1	179650	147927	148320	rrn23_Bdistachyon_GeSeq-SRS_v1	2888	138	531	1	393,	31330,	138,
60	0	0	0	0	0	0	0	-	OX359234.1	179650	147837	147897	rrn23_Bdistachyon_GeSeq-SRS_v1	2888	565	625	1	60,	31753,	565,
904	34	0	0	0	0	0	0	-	OX359234.1	179650	146899	147837	rrn23_Bdistachyon_GeSeq-SRS_v1	2888	630	1568	1	938,	31813,	630,
2128	28	0	0	0	0	0	0	-	OX359234.1	179650	146301	148457	rrn23_Athaliana_GeSeq-SRS_v1	2810	0	2156	1	2156,	31193,	0,
516	37	0	0	0	0	0	0	-	OX359234.1	179650	147904	148457	rrn23_Aformosae_GeSeq-SRS_v1	2819	0	553	1	553,	31193,	0,
294	6	0	0	0	0	0	0	-	OX359234.1	179650	147597	147897	rrn23_Aformosae_GeSeq-SRS_v1	2819	561	861	1	300,	31753,	561,
76	2	0	0	0	0	0	0	-	OX359234.1	179650	147519	147597	rrn23_Aformosae_GeSeq-SRS_v1	2819	862	940	1	78,	32053,	862,
448	19	0	0	0	0	0	0	-	OX359234.1	179650	147030	147497	rrn23_Aformosae_GeSeq-SRS_v1	2819	967	1434	1	467,	32153,	967,
124	14	0	0	0	0	0	0	-	OX359234.1	179650	148319	148457	rrn23_Acapillus-veneris_GeSeq-SRS_v1	2811	0	138	1	138,	31193,	0,
48	6	0	0	0	0	0	0	-	OX359234.1	179650	148265	148319	rrn23_Acapillus-veneris_GeSeq-SRS_v1	2811	139	193	1	54,	31331,	139,
312	42	0	0	1	3	0	0	-	OX359234.1	179650	147904	148261	rrn23_Acapillus-veneris_GeSeq-SRS_v1	2811	200	554	2	6,348,	31389,31398,	200,206,
56	6	0	0	0	0	0	0	-	OX359234.1	179650	147835	147897	rrn23_Acapillus-veneris_GeSeq-SRS_v1	2811	562	624	1	62,	31753,	562,
228	8	0	0	1	1	0	0	-	OX359234.1	179650	147598	147835	rrn23_Acapillus-veneris_GeSeq-SRS_v1	2811	628	864	2	5,231,	31815,31821,	628,633,
73	3	0	0	0	0	0	0	-	OX359234.1	179650	147522	147598	rrn23_Acapillus-veneris_GeSeq-SRS_v1	2811	865	941	1	76,	32052,	865,
507	30	0	0	1	6	0	0	-	OX359234.1	179650	146961	147504	rrn23_Acapillus-veneris_GeSeq-SRS_v1	2811	972	1509	2	7,530,	32146,32159,	972,979,
591	35	0	0	0	0	0	0	-	OX359234.1	179650	146308	146934	rrn23_Acapillus-veneris_GeSeq-SRS_v1	2811	1524	2150	1	626,	32716,	1524,
602	36	0	0	0	0	0	0	-	OX359234.1	179650	145650	146288	rrn23_Acapillus-veneris_GeSeq-SRS_v1	2811	2172	2810	1	638,	33362,	2172,
307	5	0	0	0	0	0	0	-	OX359234.1	179650	148145	148457	rrn23_Abelladonna_GeSeq-SRS_v1	2812	0	312	1	312,	31193,	0,
234	2	0	0	0	0	0	0	-	OX359234.1	179650	147902	148138	rrn23_Abelladonna_GeSeq-SRS_v1	2812	320	556	1	236,	31512,	320,
1577	20	0	0	0	0	0	0	-	OX359234.1	179650	146303	147900	rrn23_Abelladonna_GeSeq-SRS_v1	2812	557	2154	1	1597,	31750,	557,
71	1	0	0	0	0	0	0	-	OX359234.1	179650	152607	152679	trnV-GAC_STARTREF_NC_049111.1.genbank_ENDREF_STARTCMD_trna_ENDCMD_STARTKEY_265_ENDKEY	72	0	72	1	72,	26971,	0,
71	1	0	0	0	0	0	0	-	OX359234.1	179650	152607	152679	trnV-GAC_STARTREF_NC_049111.1.genbank_ENDREF_STARTCMD_trna_ENDCMD_STARTKEY_202_ENDKEY	72	0	72	1	72,	26971,	0,
72	0	0	0	1	955	0	0	-	OX359234.1	179650	149563	150590	trnI-GAU_STARTREF_NC_049111.1.genbank_ENDREF_STARTCMD_trna_ENDCMD_STARTKEY_261_ENDKEY	72	0	72	2	37,35,	29060,30052,	0,37,
72	0	0	0	1	955	0	0	-	OX359234.1	179650	149563	150590	trnI-GAU_STARTREF_NC_049111.1.genbank_ENDREF_STARTCMD_trna_ENDCMD_STARTKEY_206_ENDKEY	72	0	72	2	37,35,	29060,30052,	0,37,
50	7	0	0	0	0	0	0	-	OX359234.1	179650	152312	152369	rrnS_STARTREF_NC_045136.1.genbank_ENDREF_STARTCMD_rrna_ENDCMD_STARTKEY_43_ENDKEY	1937	15	72	1	57,	27281,	15,
88	12	0	0	0	0	0	0	-	OX359234.1	179650	152020	152120	rrnS_STARTREF_NC_045136.1.genbank_ENDREF_STARTCMD_rrna_ENDCMD_STARTKEY_43_ENDKEY	1937	306	406	1	100,	27530,	306,
62	10	0	0	0	0	0	0	-	OX359234.1	179650	151854	151926	rrnS_STARTREF_NC_045136.1.genbank_ENDREF_STARTCMD_rrna_ENDCMD_STARTKEY_43_ENDKEY	1937	502	574	1	72,	27724,	502,
50	7	0	0	0	0	0	0	-	OX359234.1	179650	152312	152369	rrn18_STARTREF_NC_015141.1.genbank_ENDREF_STARTCMD_rrna_ENDCMD_STARTKEY_11_ENDKEY	1937	15	72	1	57,	27281,	15,
88	12	0	0	0	0	0	0	-	OX359234.1	179650	152020	152120	rrn18_STARTREF_NC_015141.1.genbank_ENDREF_STARTCMD_rrna_ENDCMD_STARTKEY_11_ENDKEY	1937	306	406	1	100,	27530,	306,
62	10	0	0	0	0	0	0	-	OX359234.1	179650	151854	151926	rrn18_STARTREF_NC_015141.1.genbank_ENDREF_STARTCMD_rrna_ENDCMD_STARTKEY_11_ENDKEY	1937	502	574	1	72,	27724,	502,
1056	25	0	0	0	0	0	0	-	OX359234.1	179650	151296	152377	rrn16_Zmays_GeSeq-SRS_v1	1491	0	1081	1	1081,	27273,	0,
279	13	0	0	0	0	0	0	-	OX359234.1	179650	151002	151294	rrn16_Zmays_GeSeq-SRS_v1	1491	1082	1374	1	292,	28356,	1082,
95	6	0	0	0	0	0	0	-	OX359234.1	179650	150886	150987	rrn16_Zmays_GeSeq-SRS_v1	1491	1390	1491	1	101,	28663,	1390,
1485	6	0	0	0	0	0	0	-	OX359234.1	179650	150886	152377	rrn16_Vvinifera_GeSeq-SRS_v1	1491	0	1491	1	1491,	27273,	0,
73	0	0	0	0	0	0	0	-	OX359234.1	179650	152304	152377	rrn16_Stuberosum_GeSeq-SRS_v1	1500	0	73	1	73,	27273,	0,
1408	8	0	0	0	0	0	0	-	OX359234.1	179650	150886	152302	rrn16_Stuberosum_GeSeq-SRS_v1	1500	84	1500	1	1416,	27348,	84,
1477	14	0	0	0	0	0	0	-	OX359234.1	179650	150886	152377	rrn16_Soleracea_GeSeq-SRS_v1	1491	0	1491	1	1491,	27273,	0,
65	3	0	0	0	0	0	0	-	OX359234.1	179650	152303	152371	rrn16_Smoellendorffii_GeSeq-SRS_v1	1500	6	74	1	68,	27279,	6,
102	9	0	0	0	0	0	0	-	OX359234.1	179650	152192	152303	rrn16_Smoellendorffii_GeSeq-SRS_v1	1500	82	193	1	111,	27347,	82,
1231	74	0	0	0	0	0	0	-	OX359234.1	179650	150887	152192	rrn16_Smoellendorffii_GeSeq-SRS_v1	1500	194	1499	1	1305,	27458,	194,
73	0	0	0	0	0	0	0	-	OX359234.1	179650	152304	152377	rrn16_Slycopersicum_GeSeq-SRS_v1	1500	0	73	1	73,	27273,	0,
1408	8	0	0	0	0	0	0	-	OX359234.1	179650	150886	152302	rrn16_Slycopersicum_GeSeq-SRS_v1	1500	84	1500	1	1416,	27348,	84,
1057	24	0	0	0	0	0	0	-	OX359234.1	179650	151296	152377	rrn16_Shybrid_GeSeq-SRS_v1	1491	0	1081	1	1081,	27273,	0,
280	12	0	0	0	0	0	0	-	OX359234.1	179650	151002	151294	rrn16_Shybrid_GeSeq-SRS_v1	1491	1082	1374	1	292,	28356,	1082,
95	6	0	0	0	0	0	0	-	OX359234.1	179650	150886	150987	rrn16_Shybrid_GeSeq-SRS_v1	1491	1390	1491	1	101,	28663,	1390,
1057	24	0	0	0	0	0	0	-	OX359234.1	179650	151296	152377	rrn16_Sbicolor_GeSeq-SRS_v1	1491	0	1081	1	1081,	27273,	0,
280	12	0	0	0	0	0	0	-	OX359234.1	179650	151002	151294	rrn16_Sbicolor_GeSeq-SRS_v1	1491	1082	1374	1	292,	28356,	1082,
95	6	0	0	0	0	0	0	-	OX359234.1	179650	150886	150987	rrn16_Sbicolor_GeSeq-SRS_v1	1491	1390	1491	1	101,	28663,	1390,
1486	5	0	0	0	0	0	0	-	OX359234.1	179650	150886	152377	rrn16_STARTREF_NC_049111.1.genbank_ENDREF_STARTCMD_rrna_ENDCMD_STARTKEY_263_ENDKEY	1491	0	1491	1	1491,	27273,	0,
1486	5	0	0	0	0	0	0	-	OX359234.1	179650	150886	152377	rrn16_STARTREF_NC_049111.1.genbank_ENDREF_STARTCMD_rrna_ENDCMD_STARTKEY_204_ENDKEY	1491	0	1491	1	1491,	27273,	0,
1490	1	0	0	0	0	0	0	-	OX359234.1	179650	150886	152377	rrn16_Rcommunis_GeSeq-SRS_v1	1491	0	1491	1	1491,	27273,	0,
1485	6	0	0	0	0	0	0	-	OX359234.1	179650	150886	152377	rrn16_Ptrichocarpa_GeSeq-SRS_v1	1491	0	1491	1	1491,	27273,	0,
1446	45	0	0	0	0	0	0	-	OX359234.1	179650	150886	152377	rrn16_Pthunbergii_GeSeq-SRS_v1	1491	0	1491	1	1491,	27273,	0,
745	28	0	0	1	1	0	0	-	OX359234.1	179650	151602	152376	rrn16_Psativum_GeSeq-SRS_v1	1489	1	774	2	384,389,	27274,27659,	1,385,
690	20	0	0	2	2	0	0	-	OX359234.1	179650	150886	151598	rrn16_Psativum_GeSeq-SRS_v1	1489	779	1489	3	169,39,502,	28052,28222,28262,	779,948,987,
1473	17	0	0	1	1	0	0	-	OX359234.1	179650	150886	152377	rrn16_Paphrodite_GeSeq-SRS_v1	1490	0	1490	2	1236,254,	27273,28510,	0,1236,
1056	25	0	0	0	0	0	0	-	OX359234.1	179650	151296	152377	rrn16_Osativaja_GeSeq-SRS_v1	1491	0	1081	1	1081,	27273,	0,
291	16	0	0	0	0	0	0	-	OX359234.1	179650	150987	151294	rrn16_Osativaja_GeSeq-SRS_v1	1491	1082	1389	1	307,	28356,	1082,
95	6	0	0	0	0	0	0	-	OX359234.1	179650	150886	150987	rrn16_Osativaja_GeSeq-SRS_v1	1491	1390	1491	1	101,	28663,	1390,
1404	23	0	0	0	0	0	0	-	OX359234.1	179650	150950	152377	rrn16_Oelata_GeSeq-SRS_v1	1492	0	1427	1	1427,	27273,	0,
63	0	0	0	0	0	0	0	-	OX359234.1	179650	150886	150949	rrn16_Oelata_GeSeq-SRS_v1	1492	1429	1492	1	63,	28701,	1429,
1483	8	0	0	0	0	0	0	-	OX359234.1	179650	150886	152377	rrn16_Nundulata_GeSeq-SRS_v1	1491	0	1491	1	1491,	27273,	0,
1483	8	0	0	0	0	0	0	-	OX359234.1	179650	150886	152377	rrn16_Ntomentosiformis_GeSeq-SRS_v1	1491	0	1491	1	1491,	27273,	0,
1483	8	0	0	0	0	0	0	-	OX359234.1	179650	150886	152377	rrn16_Ntabacum_GeSeq-SRS_v1	1491	0	1491	1	1491,	27273,	0,
1483	8	0	0	0	0	0	0	-	OX359234.1	179650	150886	152377	rrn16_Nsylvestris_GeSeq-SRS_v1	1491	0	1491	1	1491,	27273,	0,
751	24	0	0	0	0	0	0	-	OX359234.1	179650	151602	152377	rrn16_Mtruncatula_GeSeq-SRS_v1	1492	0	775	1	775,	27273,	0,
696	16	0	0	0	0	0	0	-	OX359234.1	179650	150886	151598	rrn16_Mtruncatula_GeSeq-SRS_v1	1492	780	1492	1	712,	28052,	780,
72	2	0	0	0	0	0	0	-	OX359234.1	179650	152303	152377	rrn16_Mpolymorpha_GeSeq-SRS_v1	1496	0	74	1	74,	27273,	0,
1286	56	0	0	2	2	0	0	-	OX359234.1	179650	150959	152303	rrn16_Mpolymorpha_GeSeq-SRS_v1	1496	82	1424	3	280,431,631,	27347,27628,28060,	82,362,793,
69	0	0	0	0	0	0	0	-	OX359234.1	179650	150886	150955	rrn16_Mpolymorpha_GeSeq-SRS_v1	1496	1427	1496	1	69,	28695,	1427,
1472	19	0	0	0	0	0	0	-	OX359234.1	179650	150886	152377	rrn16_Ljaponicus_GeSeq-SRS_v1	1491	0	1491	1	1491,	27273,	0,
1056	25	0	0	0	0	0	0	-	OX359234.1	179650	151296	152377	rrn16_Hvulgare_GeSeq-SRS_v1	1491	0	1081	1	1081,	27273,	0,
291	16	0	0	0	0	0	0	-	OX359234.1	179650	150987	151294	rrn16_Hvulgare_GeSeq-SRS_v1	1491	1082	1389	1	307,	28356,	1082,
95	6	0	0	0	0	0	0	-	OX359234.1	179650	150886	150987	rrn16_Hvulgare_GeSeq-SRS_v1	1491	1390	1491	1	101,	28663,	1390,
1488	3	0	0	0	0	0	0	-	OX359234.1	179650	150886	152377	rrn16_Hbrasiliensis_GeSeq-SRS_v1	1491	0	1491	1	1491,	27273,	0,
1472	19	0	0	0	0	0	0	-	OX359234.1	179650	150886	152377	rrn16_Gmax_GeSeq-SRS_v1	1491	0	1491	1	1491,	27273,	0,
1457	34	0	0	0	0	0	0	-	OX359234.1	179650	150886	152377	rrn16_Gbiloba_GeSeq-SRS_v1	1491	0	1491	1	1491,	27273,	0,
1476	15	0	0	0	0	0	0	-	OX359234.1	179650	150886	152377	rrn16_Eguineensis_GeSeq-SRS_v1	1491	0	1491	1	1491,	27273,	0,
1057	24	0	0	0	0	0	0	-	OX359234.1	179650	151296	152377	rrn16_Bdistachyon_GeSeq-SRS_v1	1491	0	1081	1	1081,	27273,	0,
291	16	0	0	0	0	0	0	-	OX359234.1	179650	150987	151294	rrn16_Bdistachyon_GeSeq-SRS_v1	1491	1082	1389	1	307,	28356,	1082,
95	6	0	0	0	0	0	0	-	OX359234.1	179650	150886	150987	rrn16_Bdistachyon_GeSeq-SRS_v1	1491	1390	1491	1	101,	28663,	1390,
1482	9	0	0	0	0	0	0	-	OX359234.1	179650	150886	152377	rrn16_Athaliana_GeSeq-SRS_v1	1491	0	1491	1	1491,	27273,	0,
72	2	0	0	0	0	0	0	-	OX359234.1	179650	152303	152377	rrn16_Aformosae_GeSeq-SRS_v1	1499	0	74	1	74,	27273,	0,
1362	55	0	0	0	0	0	0	-	OX359234.1	179650	150886	152303	rrn16_Aformosae_GeSeq-SRS_v1	1499	82	1499	1	1417,	27347,	82,
69	3	0	0	0	0	0	0	-	OX359234.1	179650	152305	152377	rrn16_Acapillus-veneris_GeSeq-SRS_v1	1500	0	72	1	72,	27273,	0,
103	6	0	0	0	0	0	0	-	OX359234.1	179650	152195	152304	rrn16_Acapillus-veneris_GeSeq-SRS_v1	1500	81	190	1	109,	27346,	81,
1223	86	0	0	0	0	0	0	-	OX359234.1	179650	150886	152195	rrn16_Acapillus-veneris_GeSeq-SRS_v1	1500	191	1500	1	1309,	27455,	191,
73	0	0	0	0	0	0	0	-	OX359234.1	179650	152304	152377	rrn16_Abelladonna_GeSeq-SRS_v1	1500	0	73	1	73,	27273,	0,
1407	8	0	0	0	0	0	0	-	OX359234.1	179650	150886	152301	rrn16_Abelladonna_GeSeq-SRS_v1	1500	85	1500	1	1415,	27349,	85,
71	1	0	0	1	2543	0	0	-	OX359234.1	179650	9183	11798	trnK-UUU_STARTREF_NC_049111.1.genbank_ENDREF_STARTCMD_trna_ENDCMD_STARTKEY_10_ENDKEY	72	0	72	2	37,35,	167852,170432,	0,37,
35	0	0	0	0	0	0	0	-	OX359234.1	179650	178833	178868	trnK-UUU_STARTREF_NC_049111.1.genbank_ENDREF_STARTCMD_trna_ENDCMD_STARTKEY_10_ENDKEY	72	37	72	1	35,	782,	37,
71	3	0	0	0	0	0	0	-	OX359234.1	179650	7275	7349	trnH-GUG_STARTREF_NC_049111.1.genbank_ENDREF_STARTCMD_trna_ENDCMD_STARTKEY_6_ENDKEY	74	0	74	1	74,	172301,	0,
71	3	0	0	0	0	0	0	-	OX359234.1	179650	176925	176999	trnH-GUG_STARTREF_NC_049111.1.genbank_ENDREF_STARTCMD_trna_ENDCMD_STARTKEY_6_ENDKEY	74	0	74	1	74,	2651,	0,
71	3	0	0	0	0	0	0	-	OX359234.1	179650	7275	7349	trnH-GUG_STARTREF_NC_015141.1.genbank_ENDREF_STARTCMD_trna_ENDCMD_STARTKEY_285_ENDKEY	74	0	74	1	74,	172301,	0,
71	3	0	0	0	0	0	0	-	OX359234.1	179650	176925	176999	trnH-GUG_STARTREF_NC_015141.1.genbank_ENDREF_STARTCMD_trna_ENDCMD_STARTKEY_285_ENDKEY	74	0	74	1	74,	2651,	0,
73	3	0	0	0	0	0	0	-	OX359234.1	179650	7274	7350	trnH-GTG_STARTREF_NC_045136.1.genbank_ENDREF_STARTCMD_trna_ENDCMD_STARTKEY_133_ENDKEY	76	0	76	1	76,	172300,	0,
73	3	0	0	0	0	0	0	-	OX359234.1	179650	176924	177000	trnH-GTG_STARTREF_NC_045136.1.genbank_ENDREF_STARTCMD_trna_ENDCMD_STARTKEY_133_ENDKEY	76	0	76	1	76,	2650,	0,
